acetaminophen	anaphylaxis	296	1.13734	1.27548	1.01416	1.13740	1.27561	1.01416
amoxicillin	anaphylaxis	242	5.16522	5.86196	4.55129	5.17336	5.87264	4.55735
aspirin	anaphylaxis	341	0.82793	0.92135	0.74398	0.82787	0.92132	0.74390
ciprofloxacin	anaphylaxis	58	0.80509	1.04169	0.62223	0.80503	1.04169	0.62213
clonidine	anaphylaxis	20	0.44613	0.69162	0.28778	0.44604	0.69153	0.28770
diclofenac	anaphylaxis	167	2.85368	3.32260	2.45094	2.85569	3.32549	2.45226
doxazosin	anaphylaxis	31	1.33228	1.89470	0.93680	1.33244	1.89528	0.93675
mirtazapine	anaphylaxis	16	0.34468	0.56270	0.21113	0.34459	0.56259	0.21106
oxazepam	anaphylaxis	13	0.99781	1.71851	0.57935	0.99781	1.71887	0.57923
thyroxine	anaphylaxis	175	0.62243	0.72223	0.53643	0.62234	0.72215	0.53633
allopurinol	aplastic_anemia	63	2.60533	3.33871	2.03305	2.60581	3.33956	2.03328
captopril	aplastic_anemia	2	0.47786	1.91105	0.11949	0.47783	1.91108	0.11947
carbamazepine	aplastic_anemia	46	3.00342	4.01342	2.24759	3.00411	4.01474	2.24788
desloratadine	aplastic_anemia	1	0.31302	2.22246	0.04409	0.31299	2.22244	0.04408
fluvastatin	aplastic_anemia	4	1.25828	3.35335	0.47215	1.25832	3.35392	0.47210
irbesartan	aplastic_anemia	2	0.20900	0.83584	0.05226	0.20898	0.83579	0.05225
latanoprost	aplastic_anemia	1	0.17433	1.23778	0.02455	0.17431	1.23771	0.02455
methimazole	aplastic_anemia	8	6.38888	12.77726	3.19457	6.39284	12.79168	3.19492
ticlopidine	aplastic_anemia	16	9.62845	15.72126	5.89692	9.63799	15.74537	5.89957
timolol	aplastic_anemia	4	1.44757	3.85777	0.54318	1.44765	3.85860	0.54312
allopurinol	erythema_multiforme	142	3.07491	3.62764	2.60640	3.07630	3.62968	2.60729
atenolol	erythema_multiforme	56	0.83266	1.08254	0.64046	0.83263	1.08255	0.64040
carbamazepine	erythema_multiforme	119	4.07133	4.87622	3.39930	4.07407	4.88027	3.40104
felodipine	erythema_multiforme	4	0.60599	1.61476	0.22741	0.60593	1.61483	0.22737
furosemide	erythema_multiforme	129	0.86212	1.02535	0.72488	0.86209	1.02535	0.72483
ipratropium	erythema_multiforme	12	0.69841	1.23006	0.39654	0.69836	1.23008	0.39648
lamotrigine	erythema_multiforme	198	4.87114	5.60462	4.23365	4.87525	5.61016	4.23660
propafenone	erythema_multiforme	1	0.35899	2.54856	0.05057	0.35894	2.54859	0.05055
sulfamethoxazole	erythema_multiforme	36	1.50934	2.09327	1.08831	1.50951	2.09374	1.08831
tiotropium	erythema_multiforme	15	0.38033	0.63104	0.22922	0.38028	0.63098	0.22918
estradiol	diseases_of_mitral_valve	10	1.12224	2.08709	0.60344	1.12225	2.08722	0.60341
furosemide	diseases_of_mitral_valve	108	2.07236	2.50797	1.71241	2.07253	2.50825	1.71250
irbesartan	diseases_of_mitral_valve	9	1.39504	2.68276	0.72542	1.39508	2.68303	0.72540
methotrexate	diseases_of_mitral_valve	16	0.47329	0.77319	0.28971	0.47327	0.77317	0.28969
atorvastatin	neutropenia	541	0.42649	0.46404	0.39197	0.42593	0.46348	0.39143
captopril	neutropenia	51	0.62197	0.81828	0.47276	0.62144	0.81790	0.47217
carbamazepine	neutropenia	222	0.73610	0.83959	0.64537	0.73566	0.83927	0.64484
isosorbide	neutropenia	74	0.34120	0.42850	0.27168	0.34069	0.42793	0.27123
methimazole	neutropenia	40	1.62898	2.21962	1.19551	1.63130	2.22531	1.19585
sotalol	neutropenia	45	0.61255	0.82028	0.45742	0.61201	0.81990	0.45683
tamsulosin	neutropenia	227	0.80241	0.91388	0.70453	0.80205	0.91368	0.70405
thyroxine	neutropenia	916	0.55045	0.58738	0.51584	0.54989	0.58683	0.51527
ticlopidine	neutropenia	37	1.13410	1.56470	0.82200	1.13444	1.56646	0.82157
valproate	neutropenia	734	1.49021	1.60213	1.38610	1.49186	1.60429	1.38730
atorvastatin	rhabdomyolysis	2099	3.17403	3.31458	3.03943	3.18221	3.32365	3.04679
doxazosin	rhabdomyolysis	140	1.90422	2.24721	1.61357	1.90629	2.25052	1.61472
estradiol	rhabdomyolysis	36	0.26002	0.36048	0.18755	0.25979	0.36020	0.18737
glimepiride	rhabdomyolysis	204	1.51679	1.74001	1.32220	1.51773	1.74153	1.32270
nitroglycerin	rhabdomyolysis	279	1.57058	1.76632	1.39652	1.57166	1.76793	1.39717
pravastatin	rhabdomyolysis	266	1.78392	2.01190	1.58178	1.78561	2.01432	1.58286
rosuvastatin	rhabdomyolysis	1434	5.06237	5.33321	4.80527	5.08690	5.36072	4.82707
simvastatin	rhabdomyolysis	4212	6.12668	6.31963	5.93962	6.16295	6.35836	5.97355
timolol	rhabdomyolysis	14	0.48350	0.81629	0.28638	0.48319	0.81603	0.28611
acetaminophen	acute_kidney_insufficiency	171	1.28735	1.49713	1.10697	1.28742	1.49727	1.10699
ciprofloxacin	acute_kidney_insufficiency	35	0.95072	1.32475	0.68229	0.95071	1.32482	0.68224
ferrous_sulfate	acute_kidney_insufficiency	21	1.24139	1.90460	0.80913	1.24145	1.90488	0.80908
fexofenadine	acute_kidney_insufficiency	10	0.47264	0.87864	0.25424	0.47259	0.87860	0.25420
ibuprofen	acute_kidney_insufficiency	87	1.19311	1.47322	0.96625	1.19315	1.47334	0.96624
levodopa	acute_kidney_insufficiency	5	0.74230	1.78365	0.30892	0.74226	1.78378	0.30887
lithium_carbonate	acute_kidney_insufficiency	3	0.25798	0.79998	0.08319	0.25794	0.79991	0.08317
mometasone	acute_kidney_insufficiency	4	0.26622	0.70944	0.09990	0.26618	0.70937	0.09988
thyroxine	acute_kidney_insufficiency	120	0.83702	1.00192	0.69927	0.83700	1.00192	0.69922
amoxicillin	liver_failure,_acute	64	2.34639	2.99937	1.83556	2.34708	3.00064	1.83588
carbamazepine	liver_failure,_acute	49	1.66323	2.20169	1.25646	1.66347	2.20223	1.25651
formoterol	liver_failure,_acute	8	0.28999	0.57998	0.14499	0.28994	0.57991	0.14497
levodopa	liver_failure,_acute	2	0.26217	1.04837	0.06556	0.26213	1.04828	0.06555
nitroglycerin	liver_failure,_acute	20	0.61348	0.95119	0.39567	0.61343	0.95117	0.39561
sulfasalazine	liver_failure,_acute	17	1.56463	2.51743	0.97245	1.56482	2.51816	0.97241
terazosine	liver_failure,_acute	2	0.25425	1.01670	0.06358	0.25421	1.01661	0.06357
valproate	liver_failure,_acute	90	1.86926	2.29976	1.51936	1.86962	2.30039	1.51952
aspirin	gastrointestinal_hemorrhage	5771	2.75644	2.83009	2.68470	2.76589	2.84018	2.69355
dorzolamide	gastrointestinal_hemorrhage	37	1.11039	1.53208	0.80477	1.11064	1.53352	0.80437
zopiclone	gastrointestinal_hemorrhage	108	0.78764	0.95106	0.65230	0.78731	0.95094	0.65183
fexofenadine	gastrointestinal_hemorrhage	140	0.64359	0.75954	0.54535	0.64313	0.75915	0.54484
goserelin	gastrointestinal_hemorrhage	20	0.59300	0.91895	0.38266	0.59251	0.91868	0.38215
heparin	gastrointestinal_hemorrhage	519	1.76219	1.92057	1.61686	1.76488	1.92409	1.61884
ibuprofen	gastrointestinal_hemorrhage	988	1.31848	1.40355	1.23856	1.31932	1.40468	1.23914
indomethacin	gastrointestinal_hemorrhage	106	1.65994	2.00756	1.37251	1.66214	2.01150	1.37346
prednisolone	gastrointestinal_hemorrhage	464	1.06253	1.16384	0.97004	1.06266	1.16421	0.96998
simvastatin	gastrointestinal_hemorrhage	1618	1.35158	1.41944	1.28696	1.35253	1.42063	1.28770
amoxicillin	acute_myocardial_infarction	119	1.00247	1.19990	0.83753	1.00247	1.20011	0.83738
ferrous_sulfate	acute_myocardial_infarction	95	1.14265	1.39724	0.93445	1.14281	1.39774	0.93437
gemfibrozil	acute_myocardial_infarction	64	1.58063	2.01934	1.23723	1.58151	2.02121	1.23746
levonorgestrel	acute_myocardial_infarction	13	0.06490	0.11178	0.03768	0.06484	0.11168	0.03765
insulin	acute_myocardial_infarction	63	1.27370	1.63043	0.99501	1.27403	1.63135	0.99498
rofecoxib	acute_myocardial_infarction	2285	8.43857	8.79770	8.09410	8.49704	8.86145	8.14762
rosiglitazone	acute_myocardial_infarction	1549	7.20455	7.57630	6.85104	7.24665	7.62310	6.88878
sumatriptan	acute_myocardial_infarction	47	0.81197	1.08069	0.61006	0.81182	1.08074	0.60981
valacyclovir	acute_myocardial_infarction	27	0.35869	0.52305	0.24597	0.35847	0.52279	0.24579
valdecoxib	acute_myocardial_infarction	205	3.95765	4.53818	3.45138	3.96887	4.55340	3.45937
nimesulide	liver_failure,_acute	1	0.71173	5.05239	0.10026	0.71168	5.05362	0.10022
