DRUG	EVENT	GROUND_TRUTH	A	B	C	D	EBGM	EB05	PRR	PRR05	ROR	ROR05	LROR (300 drug predictors)	LR05 (300 drug predictors)	ELROR (300 drug predictors)	ELR05 (300 drug predictors)	LROR (150 drug predictors)	LR05 (150 drug predictors)	ELROR (150 drug predictors)	ELR05 (150 drug predictors)	EBGM (none-stratified)	EB05 (none-stratified)
abacavir	gastrointestinal_hemorrhage	0	107	8560	63650	4712020	0.82	0.70	0.93	0.79	0.93	0.79	0.78	0.65	0.75	0.62	0.79	0.67	0.77	0.64	0.93	0.79
abacavir	liver_failure,_acute	1	614	8053	83189	4692481	2.54	2.38	4.07	3.81	4.30	4.01	1.00	0.93	1.30	1.07	1.10	1.01	1.48	1.24	4.02	3.76
acarbose	acute_kidney_insufficiency	0	96	3311	38602	4742328	2.04	1.72	3.49	2.96	3.56	3.00	1.20	1.00	1.39	0.97	1.49	1.25	1.73	1.27	3.39	2.86
acarbose	acute_myocardial_infarction	0	64	3343	27786	4753144	1.84	1.50	3.23	2.64	3.28	2.66	1.00	0.80	1.26	0.89	1.37	1.11	1.70	1.28	3.12	2.53
acarbose	gastrointestinal_hemorrhage	0	76	3331	63681	4717249	1.09	0.91	1.68	1.39	1.69	1.40	1.03	0.84	1.23	0.96	1.03	0.85	1.24	0.97	1.66	1.37
acetazolamide	acute_myocardial_infarction	0	7	3137	27843	4753350	0.44	0.25	0.38	0.21	0.38	0.20	0.29	0.15	0.16	0.07	0.31	0.17	0.27	0.13	0.41	0.22
acetazolamide	liver_failure,_acute	1	85	3059	83718	4697475	1.36	1.14	1.54	1.29	1.56	1.30	1.06	0.88	1.08	0.84	1.13	0.94	1.12	0.88	1.53	1.28
acyclovir	acute_kidney_insufficiency	1	918	22053	37780	4723586	4.28	4.06	5.04	4.77	5.20	4.92	2.20	2.06	3.96	3.71	2.41	2.26	4.24	3.98	4.92	4.66
adenosine	acute_kidney_insufficiency	0	28	1568	38670	4744071	1.46	1.07	2.17	1.59	2.19	1.60	0.89	0.64	1.16	0.67	0.92	0.65	1.43	0.86	2.08	1.52
adenosine	gastrointestinal_hemorrhage	0	24	1572	63733	4719008	0.85	0.61	1.13	0.81	1.13	0.81	0.63	0.45	0.54	0.33	0.67	0.47	0.56	0.35	1.12	0.80
adenosine	liver_failure,_acute	0	62	1534	83741	4699000	1.82	1.48	2.22	1.81	2.27	1.83	1.42	1.14	1.55	1.14	1.72	1.38	1.78	1.34	2.17	1.76
alatrofloxacin	liver_failure,_acute	1	84	859	83719	4699675	3.28	2.73	5.09	4.29	5.49	4.55	3.83	3.16	4.67	3.72	3.93	3.24	4.61	3.67	4.85	4.04
allopurinol	acute_kidney_insufficiency	1	1733	37742	36965	4707897	3.10	2.98	5.64	5.42	5.85	5.61	1.58	1.51	3.03	2.83	1.69	1.61	3.29	3.09	5.41	5.20
allopurinol	liver_failure,_acute	1	1516	37959	82287	4662575	1.80	1.72	2.21	2.12	2.26	2.17	1.32	1.26	1.66	1.56	1.46	1.40	1.83	1.73	2.19	2.10
almotriptan	acute_kidney_insufficiency	0	NA	NA	NA	NA	NA	NA	NA	NA	NA	NA	NA	NA	NA	NA	NA	NA	NA	NA	NA	NA
almotriptan	acute_myocardial_infarction	1	8	301	27842	4756186	2.55	1.46	4.45	2.51	4.54	2.52	2.86	1.55	4.76	2.14	2.54	1.37	4.45	2.09	3.18	1.78
almotriptan	liver_failure,_acute	0	7	302	83796	4700232	1.13	0.63	1.29	0.70	1.30	0.69	1.07	0.56	1.05	0.43	1.10	0.58	0.88	0.36	1.23	0.66
amlodipine	acute_myocardial_infarction	1	1697	94812	26153	4661675	1.90	1.82	3.15	3.03	3.19	3.06	1.34	1.28	1.63	1.53	1.44	1.37	1.66	1.57	3.02	2.90
amoxapine	acute_myocardial_infarction	1	9	2246	27841	4754241	1.05	0.62	0.69	0.40	0.68	0.40	1.01	0.58	0.71	0.32	1.00	0.57	0.77	0.38	0.70	0.40
amylases	acute_kidney_insufficiency	0	9	248	38689	4745391	2.27	1.34	4.33	2.53	4.45	2.55	2.30	1.24	3.40	1.08	2.19	1.17	3.58	1.21	3.22	1.86
amylases	acute_myocardial_infarction	0	4	253	27846	4756234	1.48	0.71	2.67	1.18	2.70	1.18	0.89	0.30	0.33	0.05	0.81	0.28	0.41	0.08	1.96	0.89
amylases	gastrointestinal_hemorrhage	0	7	250	63750	4720330	1.41	0.78	2.04	1.11	2.07	1.10	0.58	0.28	0.37	0.10	0.53	0.25	0.40	0.11	1.78	0.96
amylases	liver_failure,_acute	0	15	242	83788	4700292	2.17	1.43	3.33	2.21	3.48	2.24	1.65	1.02	2.93	1.36	1.73	1.06	3.03	1.46	2.89	1.88
benzocaine	acute_kidney_insufficiency	0	6	1183	38692	4744456	0.64	0.34	0.62	0.32	0.62	0.32	0.39	0.18	0.39	0.14	0.41	0.20	0.36	0.13	0.65	0.33
benzocaine	gastrointestinal_hemorrhage	0	15	1174	63742	4719406	0.86	0.57	0.95	0.62	0.95	0.62	0.62	0.39	0.49	0.26	0.62	0.38	0.50	0.26	0.94	0.61
benzocaine	liver_failure,_acute	0	7	1182	83796	4699352	0.33	0.18	0.34	0.18	0.33	0.18	0.27	0.15	0.19	0.09	0.26	0.14	0.20	0.09	0.36	0.19
benzonatate	acute_kidney_insufficiency	0	41	1734	38657	4743905	2.09	1.61	2.86	2.22	2.90	2.24	1.07	0.80	1.62	0.98	1.00	0.75	1.54	0.95	2.73	2.10
benzonatate	acute_myocardial_infarction	0	30	1745	27820	4754742	1.93	1.43	2.91	2.16	2.94	2.17	1.01	0.72	1.41	0.85	1.05	0.77	1.27	0.82	2.73	2.01
benzonatate	gastrointestinal_hemorrhage	0	57	1718	63700	4718862	2.02	1.62	2.41	1.95	2.46	1.97	0.99	0.77	1.27	0.87	0.91	0.71	1.28	0.89	2.35	1.88
benzonatate	liver_failure,_acute	0	53	1722	83750	4698812	1.48	1.18	1.70	1.36	1.73	1.37	0.92	0.72	0.94	0.64	0.89	0.70	0.87	0.61	1.68	1.34
bortezomib	liver_failure,_acute	1	164	9045	83639	4691489	1.01	0.89	1.02	0.90	1.02	0.89	1.00	0.87	1.00	0.85	0.89	0.78	0.90	0.77	1.02	0.89
bosentan	liver_failure,_acute	1	1086	12836	82717	4687698	5.01	4.76	4.50	4.29	4.80	4.55	6.37	6.03	4.88	4.64	6.54	6.19	4.92	4.69	4.44	4.22
bromfenac	acute_kidney_insufficiency	0	10	2511	38688	4743128	0.61	0.37	0.49	0.29	0.49	0.29	0.59	0.35	0.62	0.32	0.62	0.37	0.63	0.33	0.51	0.30
bromfenac	acute_myocardial_infarction	0	7	2514	27843	4753973	0.67	0.37	0.48	0.26	0.48	0.26	0.65	0.35	0.56	0.26	0.63	0.34	0.59	0.30	0.50	0.27
bromfenac	gastrointestinal_hemorrhage	0	65	2456	63692	4718124	1.94	1.58	1.94	1.58	1.96	1.59	1.80	1.45	2.24	1.78	1.76	1.42	2.18	1.73	1.90	1.55
bromocriptine	acute_myocardial_infarction	1	26	4220	27824	4752267	1.33	0.96	1.05	0.76	1.05	0.76	1.57	1.13	2.11	1.51	1.45	1.04	1.70	1.21	1.04	0.75
busulfan	liver_failure,_acute	1	225	3589	83578	4696945	2.92	2.61	3.37	3.03	3.52	3.15	1.88	1.66	2.25	1.90	1.98	1.75	2.40	2.04	3.33	2.98
candesartan	acute_kidney_insufficiency	1	574	15414	38124	4730225	2.54	2.37	4.49	4.20	4.62	4.31	1.94	1.80	2.81	2.53	1.99	1.85	2.92	2.63	4.41	4.12
capreomycin	acute_kidney_insufficiency	1	5	80	38693	4745559	2.67	1.35	7.27	3.56	7.66	3.59	5.17	2.37	6.68	1.50	6.30	2.89	7.99	2.46	3.50	1.70
captopril	acute_kidney_insufficiency	1	504	23662	38194	4721977	2.08	1.94	2.60	2.42	2.63	2.44	1.47	1.36	1.95	1.75	1.44	1.33	1.96	1.76	2.57	2.39
captopril	liver_failure,_acute	1	534	23632	83269	4676902	1.19	1.11	1.26	1.18	1.27	1.18	1.12	1.04	1.26	1.15	1.17	1.09	1.30	1.20	1.26	1.17
carbamazepine	liver_failure,_acute	1	1293	39679	82510	4660855	1.72	1.64	1.81	1.73	1.84	1.76	1.73	1.65	1.96	1.86	1.76	1.68	1.93	1.84	1.80	1.72
caspofungin	liver_failure,_acute	1	122	1812	83681	4698722	2.79	2.40	3.60	3.12	3.78	3.24	1.29	1.09	1.98	1.48	1.27	1.07	2.19	1.68	3.52	3.03
celecoxib	liver_failure,_acute	1	915	56125	82888	4644409	0.74	0.70	0.92	0.87	0.91	0.86	0.75	0.71	0.75	0.70	0.72	0.68	0.71	0.66	0.92	0.87
chlorambucil	acute_kidney_insufficiency	0	17	1440	38681	4744199	1.00	0.67	1.44	0.97	1.45	0.97	0.83	0.55	0.70	0.36	0.83	0.55	0.85	0.46	1.40	0.93
chlorambucil	acute_myocardial_infarction	0	2	1455	27848	4755032	0.28	0.11	0.24	0.07	0.24	0.07	0.21	0.07	0.12	0.03	0.20	0.06	0.15	0.04	0.30	0.11
chlorambucil	gastrointestinal_hemorrhage	0	18	1439	63739	4719141	0.69	0.47	0.93	0.63	0.93	0.63	0.73	0.49	0.77	0.49	0.72	0.49	0.73	0.46	0.93	0.62
chlorazepate	acute_kidney_insufficiency	0	127	7631	38571	4738008	1.91	1.65	2.03	1.75	2.04	1.76	1.35	1.16	1.69	1.36	1.45	1.24	1.74	1.41	2.01	1.73
chlorazepate	acute_myocardial_infarction	0	54	7704	27796	4748783	1.22	0.97	1.20	0.96	1.20	0.96	0.98	0.78	0.87	0.63	0.99	0.79	0.95	0.72	1.19	0.95
chlorazepate	gastrointestinal_hemorrhage	0	102	7656	63655	4712924	0.88	0.75	0.99	0.84	0.99	0.84	0.79	0.67	0.71	0.57	0.80	0.68	0.73	0.59	0.99	0.84
chlorothiazide	acute_kidney_insufficiency	1	28	1369	38670	4744270	2.35	1.72	2.48	1.82	2.51	1.83	1.18	0.81	1.42	0.78	1.26	0.88	1.39	0.78	2.35	1.71
chlorothiazide	acute_myocardial_infarction	0	10	1387	27840	4755100	1.45	0.87	1.23	0.73	1.23	0.73	1.06	0.61	0.85	0.38	1.20	0.71	1.14	0.59	1.19	0.71
ciprofloxacin	liver_failure,_acute	1	1205	31352	82598	4669182	1.89	1.80	2.13	2.03	2.17	2.07	1.25	1.18	1.56	1.46	1.29	1.23	1.61	1.51	2.11	2.01
citalopram	gastrointestinal_hemorrhage	1	656	33152	63101	4687428	1.25	1.17	1.46	1.37	1.47	1.38	1.04	0.97	1.04	0.95	1.00	0.94	1.00	0.92	1.46	1.36
clindamycin	acute_myocardial_infarction	0	69	15039	27781	4741448	0.85	0.69	0.78	0.64	0.78	0.64	0.73	0.60	0.68	0.52	0.72	0.59	0.69	0.54	0.79	0.64
clindamycin	gastrointestinal_hemorrhage	1	321	14787	63436	4705793	1.46	1.33	1.60	1.46	1.61	1.47	1.18	1.07	1.47	1.31	1.22	1.11	1.59	1.42	1.59	1.45
clopidogrel	gastrointestinal_hemorrhage	1	2499	47710	61258	4672870	2.55	2.47	3.85	3.72	4.00	3.86	1.89	1.82	2.66	2.53	1.96	1.88	2.68	2.55	3.73	3.61
clozapine	acute_kidney_insufficiency	0	264	42900	38434	4702739	0.68	0.61	0.75	0.68	0.75	0.68	0.87	0.79	1.11	1.00	0.93	0.84	1.13	1.01	0.76	0.68
clozapine	liver_failure,_acute	1	671	42493	83132	4658041	0.79	0.74	0.89	0.83	0.89	0.83	0.91	0.85	1.04	0.97	0.91	0.85	0.99	0.93	0.89	0.83
cosyntropin	acute_kidney_insufficiency	0	8	167	38690	4745472	2.83	1.62	5.65	3.20	5.88	3.24	1.09	0.53	2.85	0.70	1.49	0.75	3.47	1.06	3.69	2.06
cosyntropin	acute_myocardial_infarction	0	1	174	27849	4756313	0.93	0.31	0.98	0.19	0.98	0.19	0.67	0.12	0.47	0.03	0.76	0.14	0.61	0.07	0.94	0.25
cosyntropin	gastrointestinal_hemorrhage	0	2	173	63755	4720407	0.84	0.33	0.86	0.27	0.86	0.27	0.39	0.12	0.23	0.03	0.49	0.15	0.34	0.06	0.87	0.30
cosyntropin	liver_failure,_acute	0	5	170	83798	4700364	1.25	0.64	1.63	0.79	1.65	0.78	0.91	0.42	0.68	0.16	0.83	0.38	0.75	0.20	1.45	0.70
cyclosporine	acute_kidney_insufficiency	1	1090	30943	37608	4714696	3.50	3.33	4.30	4.09	4.42	4.20	2.68	2.52	3.88	3.67	2.97	2.80	4.16	3.95	4.19	3.99
cyclosporine	liver_failure,_acute	1	1322	30711	82481	4669823	1.99	1.90	2.38	2.27	2.44	2.33	1.52	1.45	1.88	1.77	1.63	1.55	1.94	1.83	2.35	2.25
dacarbazine	acute_kidney_insufficiency	0	39	1947	38659	4743692	1.95	1.50	2.43	1.87	2.46	1.88	1.68	1.27	1.75	1.16	1.66	1.26	1.67	1.11	2.34	1.79
dacarbazine	gastrointestinal_hemorrhage	0	23	1963	63734	4718617	0.81	0.57	0.87	0.62	0.87	0.61	0.80	0.57	0.92	0.63	0.80	0.57	0.91	0.62	0.87	0.61
dacarbazine	liver_failure,_acute	1	43	1943	83760	4698591	1.06	0.83	1.24	0.96	1.24	0.96	1.28	0.99	1.36	1.02	1.15	0.89	1.23	0.92	1.23	0.95
darbepoetin_alfa	acute_kidney_insufficiency	0	195	7304	38503	4738335	2.14	1.90	3.23	2.87	3.29	2.92	1.02	0.90	1.19	0.93	1.09	0.96	1.48	1.18	3.18	2.82
darbepoetin_alfa	acute_myocardial_infarction	1	115	7384	27735	4749103	1.57	1.34	2.64	2.27	2.67	2.28	1.20	1.02	1.42	1.14	1.15	0.98	1.34	1.09	2.60	2.22
darifenacin	acute_kidney_insufficiency	0	12	2520	38686	4743119	0.44	0.28	0.59	0.36	0.58	0.36	0.46	0.29	0.31	0.15	0.43	0.27	0.27	0.14	0.60	0.37
darifenacin	acute_myocardial_infarction	0	9	2523	27841	4753964	0.37	0.22	0.61	0.35	0.61	0.35	0.34	0.20	0.22	0.11	0.32	0.19	0.26	0.14	0.63	0.36
darifenacin	gastrointestinal_hemorrhage	0	21	2511	63736	4718069	0.56	0.39	0.62	0.44	0.62	0.43	0.53	0.37	0.43	0.27	0.51	0.36	0.39	0.24	0.63	0.44
desipramine	acute_myocardial_infarction	1	15	5119	27835	4751368	0.95	0.62	0.50	0.33	0.50	0.33	0.91	0.59	0.84	0.50	0.88	0.57	0.85	0.53	0.51	0.33
dicyclomine	acute_kidney_insufficiency	0	52	7315	38646	4738324	1.03	0.82	0.87	0.69	0.87	0.69	0.86	0.68	0.67	0.46	0.78	0.61	0.61	0.42	0.87	0.69
dicyclomine	acute_myocardial_infarction	0	58	7309	27792	4749178	1.65	1.33	1.35	1.09	1.36	1.09	1.14	0.90	0.98	0.69	1.23	0.98	1.15	0.87	1.34	1.08
dicyclomine	gastrointestinal_hemorrhage	0	155	7212	63602	4713368	1.68	1.47	1.58	1.39	1.59	1.39	1.17	1.02	1.22	1.01	1.11	0.96	1.18	0.97	1.57	1.38
dicyclomine	liver_failure,_acute	0	114	7253	83689	4693281	0.88	0.75	0.88	0.76	0.88	0.76	0.77	0.65	0.73	0.60	0.79	0.67	0.77	0.64	0.88	0.76
didanosine	acute_myocardial_infarction	0	86	9885	27764	4746602	1.44	1.20	1.48	1.24	1.49	1.24	1.12	0.91	1.13	0.87	1.22	0.99	1.24	0.99	1.47	1.23
didanosine	liver_failure,_acute	1	842	9129	82961	4691405	3.26	3.08	4.86	4.60	5.22	4.91	1.78	1.66	2.68	2.41	1.89	1.76	2.75	2.48	4.80	4.53
diflunisal	acute_kidney_insufficiency	1	20	2222	38678	4743417	1.35	0.94	1.10	0.76	1.10	0.76	1.42	0.97	1.76	1.16	1.40	0.96	1.67	1.10	1.09	0.75
diflunisal	acute_myocardial_infarction	1	8	2234	27842	4754253	0.89	0.51	0.61	0.34	0.61	0.34	0.84	0.47	0.83	0.41	0.82	0.46	0.79	0.41	0.63	0.35
diflunisal	gastrointestinal_hemorrhage	1	162	2080	63595	4718500	3.88	3.40	5.43	4.80	5.78	5.05	4.63	4.01	5.60	4.90	4.55	3.94	5.55	4.86	5.28	4.63
diltiazem	liver_failure,_acute	1	896	42650	82907	4657884	1.06	1.00	1.18	1.11	1.18	1.12	0.95	0.90	1.02	0.95	0.98	0.92	1.05	0.98	1.17	1.11
dipyridamole	acute_myocardial_infarction	1	217	12354	27633	4744133	2.23	1.99	2.98	2.67	3.02	2.69	1.23	1.09	1.58	1.33	1.27	1.13	1.52	1.31	2.94	2.62
disulfiram	acute_kidney_insufficiency	0	8	1931	38690	4743708	0.59	0.34	0.51	0.29	0.51	0.28	0.59	0.33	0.73	0.36	0.65	0.36	0.68	0.34	0.53	0.30
disulfiram	gastrointestinal_hemorrhage	0	21	1918	63736	4718662	0.87	0.61	0.81	0.57	0.81	0.57	0.92	0.64	0.92	0.59	0.92	0.63	0.95	0.62	0.82	0.57
disulfiram	liver_failure,_acute	1	130	1809	83673	4698725	3.25	2.81	3.83	3.33	4.04	3.48	3.76	3.23	4.10	3.53	3.88	3.33	4.10	3.52	3.74	3.24
droperidol	acute_myocardial_infarction	0	13	2468	27837	4754019	1.27	0.81	0.90	0.57	0.90	0.57	0.94	0.58	1.02	0.53	1.17	0.73	1.19	0.68	0.90	0.57
droperidol	gastrointestinal_hemorrhage	0	30	2451	63727	4718129	0.96	0.71	0.91	0.67	0.91	0.67	0.70	0.51	0.52	0.32	0.70	0.51	0.58	0.36	0.91	0.67
droperidol	liver_failure,_acute	0	55	2426	83748	4698108	1.12	0.90	1.27	1.02	1.27	1.02	1.11	0.88	1.42	1.09	1.04	0.82	1.24	0.95	1.26	1.00
efavirenz	liver_failure,_acute	1	616	8512	83187	4692022	2.46	2.30	3.87	3.63	4.08	3.81	1.06	0.98	1.47	1.24	1.11	1.02	1.68	1.44	3.83	3.59
eletriptan	acute_kidney_insufficiency	0	5	1580	38693	4744059	0.57	0.29	0.39	0.19	0.39	0.19	0.52	0.25	0.65	0.29	0.45	0.21	0.53	0.23	0.43	0.21
eletriptan	acute_myocardial_infarction	1	10	1575	27840	4754912	1.05	0.64	1.08	0.65	1.08	0.64	0.91	0.53	1.00	0.53	0.87	0.51	0.94	0.52	1.06	0.63
enalaprilat	acute_kidney_insufficiency	1	3	87	38695	4745552	1.60	0.71	4.12	1.62	4.23	1.61	0.80	0.25	0.63	0.03	0.90	0.31	0.57	0.03	2.26	0.92
enalaprilat	acute_myocardial_infarction	1	NA	NA	NA	NA	NA	NA	NA	NA	NA	NA	NA	NA	NA	NA	NA	NA	NA	NA	NA	NA
enalaprilat	liver_failure,_acute	1	2	88	83801	4700446	0.94	0.37	1.27	0.40	1.28	0.39	0.80	0.24	0.22	0.02	0.76	0.23	0.49	0.07	1.12	0.39
endopeptidases	acute_kidney_insufficiency	0	NA	NA	NA	NA	NA	NA	NA	NA	NA	NA	NA	NA	NA	NA	NA	NA	NA	NA	NA	NA
endopeptidases	acute_myocardial_infarction	0	NA	NA	NA	NA	NA	NA	NA	NA	NA	NA	NA	NA	NA	NA	NA	NA	NA	NA	NA	NA
endopeptidases	gastrointestinal_hemorrhage	0	NA	NA	NA	NA	NA	NA	NA	NA	NA	NA	NA	NA	NA	NA	NA	NA	NA	NA	NA	NA
endopeptidases	liver_failure,_acute	0	NA	NA	NA	NA	NA	NA	NA	NA	NA	NA	NA	NA	NA	NA	NA	NA	NA	NA	NA	NA
entecavir	acute_kidney_insufficiency	0	14	1280	38684	4744359	0.95	0.62	1.34	0.86	1.34	0.86	0.83	0.53	0.98	0.52	0.93	0.59	1.11	0.61	1.30	0.83
entecavir	acute_myocardial_infarction	0	5	1289	27845	4755198	0.54	0.28	0.66	0.32	0.66	0.32	0.56	0.27	0.56	0.24	0.56	0.27	0.56	0.26	0.69	0.34
entecavir	gastrointestinal_hemorrhage	0	22	1272	63735	4719308	1.28	0.90	1.28	0.90	1.28	0.90	1.35	0.94	1.47	0.98	1.42	0.99	1.48	0.99	1.25	0.88
epoetin_alfa	acute_myocardial_infarction	1	198	17976	27652	4738511	1.30	1.16	1.88	1.67	1.89	1.68	0.93	0.82	0.89	0.75	0.93	0.82	0.92	0.79	1.86	1.66
epoetin_alfa	gastrointestinal_hemorrhage	0	483	17691	63274	4702889	1.54	1.43	2.00	1.86	2.03	1.88	1.18	1.08	1.38	1.24	1.22	1.13	1.47	1.33	1.99	1.84
ergotamine	acute_kidney_insufficiency	0	8	2204	38690	4743435	0.64	0.37	0.45	0.25	0.45	0.25	0.69	0.37	0.97	0.48	0.54	0.29	0.65	0.33	0.47	0.26
ergotamine	gastrointestinal_hemorrhage	0	33	2179	63724	4718401	1.28	0.96	1.12	0.84	1.12	0.84	1.06	0.78	1.13	0.77	1.00	0.74	1.09	0.74	1.11	0.83
ergotamine	liver_failure,_acute	0	23	2189	83780	4698345	0.63	0.45	0.59	0.42	0.59	0.42	0.68	0.48	0.79	0.53	0.58	0.41	0.59	0.40	0.60	0.42
erythromycin	liver_failure,_acute	1	905	17747	82898	4682787	2.87	2.71	2.79	2.64	2.88	2.72	2.66	2.51	3.06	2.91	2.75	2.59	3.06	2.91	2.76	2.62
escitalopram	gastrointestinal_hemorrhage	1	403	26060	63354	4694520	1.13	1.04	1.14	1.05	1.15	1.06	0.96	0.88	1.00	0.90	0.89	0.82	0.93	0.83	1.14	1.05
estradiol	acute_myocardial_infarction	1	168	42592	27682	4713895	0.88	0.77	0.67	0.59	0.67	0.59	0.78	0.68	0.71	0.60	0.79	0.69	0.70	0.60	0.68	0.59
estrogens,_conjugated_(usp)	acute_myocardial_infarction	1	545	89248	27305	4667239	1.10	1.03	1.04	0.97	1.04	0.97	0.97	0.90	0.85	0.77	1.00	0.93	0.90	0.83	1.04	0.97
estropipate	acute_myocardial_infarction	1	15	4069	27835	4752418	0.72	0.47	0.63	0.41	0.63	0.41	0.65	0.42	0.49	0.27	0.67	0.44	0.56	0.34	0.64	0.42
etodolac	acute_kidney_insufficiency	1	122	7253	38576	4738386	1.69	1.45	2.05	1.77	2.07	1.78	1.51	1.29	1.98	1.62	1.44	1.23	1.76	1.44	2.03	1.74
etodolac	acute_myocardial_infarction	1	68	7307	27782	4749180	1.31	1.07	1.58	1.30	1.59	1.30	1.09	0.89	1.07	0.80	1.13	0.92	1.08	0.83	1.57	1.28
etodolac	gastrointestinal_hemorrhage	1	350	7025	63407	4713555	2.87	2.63	3.58	3.28	3.70	3.38	2.71	2.46	3.62	3.29	2.61	2.37	3.56	3.23	3.53	3.24
etodolac	liver_failure,_acute	1	206	7169	83597	4693365	1.48	1.32	1.60	1.43	1.61	1.44	1.30	1.16	1.50	1.30	1.39	1.24	1.60	1.40	1.59	1.42
factor_viia	acute_myocardial_infarction	1	NA	NA	NA	NA	NA	NA	NA	NA	NA	NA	NA	NA	NA	NA	NA	NA	NA	NA	NA	NA
felbamate	liver_failure,_acute	1	42	2517	83761	4698017	1.25	0.97	0.94	0.73	0.94	0.73	1.18	0.91	1.29	1.00	1.17	0.90	1.24	0.95	0.94	0.72
fenoprofen	acute_kidney_insufficiency	1	118	2847	38580	4742792	6.15	5.26	4.93	4.25	5.10	4.36	8.67	7.37	6.28	5.55	8.63	7.34	6.22	5.49	4.76	4.08
fenoprofen	acute_myocardial_infarction	1	6	2959	27844	4753528	0.63	0.34	0.35	0.18	0.35	0.18	0.61	0.31	0.65	0.31	0.61	0.31	0.56	0.28	0.38	0.19
fenoprofen	gastrointestinal_hemorrhage	1	200	2765	63557	4717815	3.78	3.36	5.08	4.53	5.37	4.76	5.32	4.68	6.05	5.42	5.29	4.65	5.99	5.36	4.96	4.41
ferrous_gluconate	acute_kidney_insufficiency	0	39	1133	38659	4744506	2.59	1.99	4.12	3.18	4.22	3.23	1.36	1.02	1.88	1.03	1.37	1.03	1.84	1.03	3.81	2.92
ferrous_gluconate	acute_myocardial_infarction	0	17	1155	27833	4755332	1.61	1.09	2.49	1.68	2.52	1.68	0.90	0.59	1.12	0.59	1.00	0.66	1.20	0.70	2.29	1.53
ferrous_gluconate	gastrointestinal_hemorrhage	0	72	1100	63685	4719480	3.08	2.54	4.61	3.82	4.85	3.97	2.06	1.66	3.25	2.39	2.01	1.62	3.19	2.33	4.39	3.60
ferrous_gluconate	liver_failure,_acute	0	24	1148	83779	4699386	1.01	0.72	1.17	0.84	1.17	0.84	0.78	0.55	0.69	0.42	0.77	0.55	0.64	0.40	1.16	0.82
flavoxate	acute_kidney_insufficiency	0	11	669	38687	4744970	1.58	0.98	2.00	1.22	2.02	1.22	1.32	0.78	1.15	0.42	1.16	0.67	1.23	0.49	1.83	1.11
flavoxate	acute_myocardial_infarction	0	8	672	27842	4755815	1.70	0.97	2.02	1.13	2.03	1.13	1.59	0.86	1.84	0.77	1.59	0.87	1.81	0.83	1.79	1.00
flavoxate	liver_failure,_acute	0	40	640	83763	4699894	2.43	1.87	3.36	2.61	3.51	2.68	2.16	1.62	2.86	2.02	2.35	1.78	3.07	2.20	3.17	2.43
fluconazole	liver_failure,_acute	1	1375	24697	82428	4675837	2.43	2.32	3.04	2.91	3.16	3.02	1.34	1.27	1.98	1.84	1.46	1.39	2.15	2.02	3.01	2.88
fluoxetine	gastrointestinal_hemorrhage	1	880	87569	62877	4633011	0.90	0.85	0.74	0.70	0.74	0.70	0.85	0.80	0.88	0.82	0.82	0.78	0.84	0.79	0.75	0.71
flurbiprofen	acute_myocardial_infarction	1	19	3349	27831	4753138	1.12	0.77	0.97	0.67	0.97	0.66	1.07	0.73	0.86	0.51	1.09	0.74	0.99	0.63	0.97	0.66
flurbiprofen	gastrointestinal_hemorrhage	1	160	3208	63597	4717372	3.36	2.95	3.57	3.15	3.70	3.24	2.82	2.44	4.18	3.69	2.82	2.44	4.13	3.64	3.51	3.08
flutamide	acute_kidney_insufficiency	0	35	3808	38663	4741831	0.75	0.57	1.13	0.85	1.13	0.85	0.82	0.62	0.98	0.69	0.80	0.60	0.88	0.61	1.12	0.84
flutamide	acute_myocardial_infarction	0	26	3817	27824	4752670	1.01	0.73	1.16	0.84	1.16	0.84	1.20	0.86	1.11	0.75	1.12	0.81	1.06	0.74	1.15	0.83
flutamide	liver_failure,_acute	1	241	3602	83562	4696932	3.48	3.12	3.59	3.24	3.76	3.37	4.67	4.18	4.31	3.91	4.59	4.10	4.25	3.85	3.54	3.18
fluticasone	acute_myocardial_infarction	0	608	65959	27242	4690528	1.08	1.01	1.58	1.48	1.59	1.48	0.76	0.68	0.66	0.57	0.77	0.70	0.69	0.61	1.57	1.47
fluticasone	gastrointestinal_hemorrhage	0	801	65766	62956	4654814	0.81	0.77	0.90	0.85	0.90	0.85	0.75	0.69	0.69	0.62	0.72	0.66	0.67	0.60	0.90	0.85
fluticasone	liver_failure,_acute	0	960	65607	82843	4634927	0.74	0.70	0.82	0.78	0.82	0.78	0.80	0.74	0.75	0.68	0.81	0.75	0.78	0.71	0.82	0.78
frovatriptan	acute_kidney_insufficiency	0	NA	NA	NA	NA	NA	NA	NA	NA	NA	NA	NA	NA	NA	NA	NA	NA	NA	NA	NA	NA
frovatriptan	acute_myocardial_infarction	1	4	394	27846	4756093	1.42	0.68	1.73	0.76	1.73	0.76	1.09	0.46	0.88	0.23	0.94	0.40	0.86	0.26	1.47	0.67
gatifloxacin	acute_kidney_insufficiency	0	119	5142	38579	4740497	1.62	1.40	2.80	2.41	2.84	2.44	1.13	0.96	1.95	1.53	1.16	0.99	1.94	1.54	2.75	2.36
gatifloxacin	acute_myocardial_infarction	0	46	5215	27804	4751272	0.84	0.66	1.50	1.18	1.51	1.18	0.52	0.40	0.41	0.28	0.62	0.48	0.48	0.35	1.48	1.16
gatifloxacin	liver_failure,_acute	0	119	5142	83684	4695392	0.94	0.80	1.29	1.11	1.30	1.12	0.83	0.71	0.83	0.68	0.87	0.74	0.85	0.70	1.29	1.10
gemcitabine	liver_failure,_acute	1	525	18039	83278	4682495	1.24	1.16	1.62	1.51	1.64	1.52	1.51	1.40	1.75	1.62	1.35	1.25	1.55	1.43	1.61	1.50
gemifloxacin	liver_failure,_acute	1	13	1161	83790	4699373	0.57	0.37	0.63	0.40	0.63	0.40	0.60	0.37	0.71	0.44	0.63	0.40	0.67	0.41	0.64	0.41
griseofulvin	acute_kidney_insufficiency	0	1	1272	38697	4744367	0.27	0.09	0.10	0.02	0.10	0.02	0.13	0.03	0.12	0.02	0.13	0.03	0.11	0.02	0.17	0.05
griseofulvin	gastrointestinal_hemorrhage	0	10	1263	63747	4719317	0.67	0.40	0.59	0.35	0.59	0.35	0.63	0.37	0.74	0.40	0.62	0.37	0.72	0.39	0.61	0.36
griseofulvin	liver_failure,_acute	0	43	1230	83760	4699304	1.97	1.53	1.93	1.51	1.96	1.52	1.95	1.50	1.92	1.42	2.14	1.65	2.10	1.59	1.88	1.46
hydrochlorothiazide	acute_kidney_insufficiency	1	2758	130155	35940	4615484	1.89	1.83	2.69	2.60	2.72	2.63	1.57	1.51	1.76	1.67	1.58	1.53	1.80	1.71	2.56	2.48
hyoscyamine	acute_kidney_insufficiency	0	54	5835	38644	4739804	1.09	0.87	1.13	0.91	1.14	0.91	0.85	0.66	0.92	0.64	0.79	0.62	0.79	0.56	1.13	0.90
hyoscyamine	acute_myocardial_infarction	0	51	5838	27799	4750649	1.42	1.12	1.49	1.18	1.49	1.18	0.77	0.60	0.90	0.62	0.93	0.73	1.01	0.74	1.47	1.16
hyoscyamine	gastrointestinal_hemorrhage	0	160	5729	63597	4714851	1.82	1.59	2.04	1.80	2.07	1.81	1.35	1.16	1.54	1.25	1.20	1.04	1.44	1.18	2.02	1.78
hyoscyamine	liver_failure,_acute	0	115	5774	83688	4694760	1.00	0.85	1.12	0.96	1.12	0.96	0.86	0.72	0.87	0.70	0.79	0.67	0.85	0.69	1.11	0.95
ibuprofen	acute_kidney_insufficiency	1	1564	74611	37134	4671028	2.50	2.40	2.60	2.50	2.64	2.53	2.45	2.34	2.94	2.83	2.40	2.29	2.85	2.73	2.54	2.43
ibuprofen	gastrointestinal_hemorrhage	1	3666	72509	60091	4648071	3.49	3.39	3.77	3.67	3.91	3.80	3.26	3.16	3.91	3.81	3.14	3.05	3.84	3.74	3.61	3.51
ibuprofen	liver_failure,_acute	1	1734	74441	82069	4626093	1.18	1.14	1.31	1.26	1.31	1.26	1.12	1.07	1.18	1.13	1.10	1.06	1.16	1.11	1.30	1.25
imatinib	liver_failure,_acute	1	366	11350	83437	4689184	1.68	1.54	1.79	1.64	1.81	1.66	1.80	1.65	1.97	1.80	1.82	1.67	1.93	1.77	1.78	1.63
imipramine	acute_kidney_insufficiency	0	48	9680	38650	4735959	0.79	0.62	0.61	0.48	0.61	0.48	0.77	0.60	0.82	0.60	0.77	0.61	0.77	0.57	0.61	0.48
imipramine	acute_myocardial_infarction	1	42	9686	27808	4746801	1.10	0.85	0.74	0.58	0.74	0.57	0.92	0.71	0.84	0.60	0.95	0.73	0.86	0.64	0.74	0.58
indomethacin	acute_myocardial_infarction	1	139	12463	27711	4744024	1.85	1.61	1.90	1.65	1.91	1.66	1.48	1.27	1.52	1.24	1.55	1.34	1.56	1.30	1.88	1.63
indomethacin	gastrointestinal_hemorrhage	1	1032	11570	62725	4709010	4.79	4.55	6.23	5.93	6.70	6.34	4.72	4.45	6.48	6.14	4.66	4.39	6.46	6.12	6.11	5.81
indomethacin	liver_failure,_acute	1	324	12278	83479	4688256	1.27	1.16	1.47	1.34	1.48	1.35	1.12	1.01	1.26	1.12	1.20	1.09	1.35	1.21	1.46	1.34
infliximab	acute_kidney_insufficiency	0	247	49848	38451	4695791	0.52	0.47	0.61	0.55	0.61	0.55	0.49	0.44	0.46	0.40	0.59	0.53	0.58	0.51	0.61	0.55
infliximab	liver_failure,_acute	1	1021	49074	82782	4651460	1.03	0.98	1.17	1.11	1.17	1.11	0.91	0.86	1.09	1.03	0.99	0.94	1.08	1.02	1.16	1.10
interferon_beta-1a	liver_failure,_acute	1	1322	74408	82481	4626126	0.97	0.92	1.00	0.95	1.00	0.95	1.12	1.07	1.25	1.20	1.11	1.06	1.19	1.14	1.00	0.95
isoniazid	liver_failure,_acute	1	1072	7461	82731	4693073	6.13	5.83	7.25	6.92	8.15	7.72	4.50	4.18	6.50	6.06	4.47	4.15	6.55	6.12	7.13	6.78
itraconazole	gastrointestinal_hemorrhage	0	141	9547	63616	4711033	1.00	0.87	1.09	0.95	1.09	0.95	0.95	0.82	1.01	0.85	1.04	0.91	1.10	0.94	1.09	0.95
itraconazole	liver_failure,_acute	1	485	9203	83318	4691331	2.48	2.30	2.87	2.67	2.97	2.75	1.72	1.58	2.66	2.45	1.95	1.79	2.73	2.51	2.85	2.64
ketoconazole	acute_kidney_insufficiency	0	73	6197	38625	4739442	1.37	1.13	1.44	1.19	1.44	1.19	0.93	0.75	1.35	1.03	0.96	0.78	1.34	1.02	1.43	1.18
ketoconazole	acute_myocardial_infarction	0	48	6222	27802	4750265	1.42	1.11	1.32	1.04	1.32	1.04	1.08	0.84	1.17	0.83	1.17	0.91	1.11	0.81	1.30	1.02
ketoconazole	gastrointestinal_hemorrhage	0	85	6185	63672	4714395	0.90	0.76	1.02	0.85	1.02	0.85	0.80	0.67	0.80	0.63	0.78	0.64	0.80	0.63	1.02	0.85
ketoprofen	acute_kidney_insufficiency	1	240	7818	38458	4737821	3.06	2.75	3.70	3.33	3.78	3.39	2.35	2.10	3.14	2.77	2.50	2.23	3.24	2.87	3.64	3.27
ketoprofen	acute_myocardial_infarction	1	56	8002	27794	4748485	1.10	0.88	1.19	0.96	1.20	0.96	1.00	0.80	0.98	0.73	0.99	0.79	1.00	0.77	1.19	0.95
ketoprofen	gastrointestinal_hemorrhage	1	401	7657	63356	4712923	3.27	3.01	3.75	3.46	3.90	3.58	2.46	2.25	3.92	3.59	2.51	2.30	3.92	3.60	3.71	3.41
ketorolac	acute_kidney_insufficiency	1	398	8061	38300	4737578	5.93	5.46	5.87	5.41	6.11	5.61	4.99	4.54	6.04	5.58	4.98	4.54	6.07	5.61	5.75	5.29
ketorolac	acute_myocardial_infarction	1	52	8407	27798	4748080	1.26	1.00	1.06	0.84	1.06	0.84	0.87	0.68	0.87	0.63	0.91	0.72	0.88	0.65	1.05	0.84
ketorolac	gastrointestinal_hemorrhage	1	836	7623	62921	4712957	6.93	6.54	7.50	7.10	8.21	7.73	6.99	6.54	8.20	7.73	6.67	6.24	8.11	7.64	7.36	6.95
ketorolac	liver_failure,_acute	1	137	8322	83666	4692212	1.02	0.89	0.92	0.80	0.92	0.80	0.84	0.72	0.87	0.72	0.84	0.72	0.88	0.74	0.92	0.80
ketotifen	acute_kidney_insufficiency	0	3	1020	38695	4744619	0.38	0.17	0.36	0.14	0.36	0.14	0.21	0.08	0.22	0.07	0.26	0.10	0.22	0.07	0.42	0.17
ketotifen	acute_myocardial_infarction	0	5	1018	27845	4755469	0.85	0.43	0.84	0.40	0.84	0.40	0.73	0.34	0.68	0.26	0.71	0.34	0.63	0.26	0.85	0.41
ketotifen	gastrointestinal_hemorrhage	0	14	1009	63743	4719571	0.92	0.60	1.03	0.66	1.03	0.66	0.83	0.52	0.86	0.49	0.82	0.52	0.86	0.49	1.02	0.65
ketotifen	liver_failure,_acute	0	39	984	83764	4699550	1.75	1.34	2.18	1.68	2.22	1.70	1.52	1.15	1.70	1.18	1.69	1.28	1.87	1.33	2.11	1.61
lactulose	acute_kidney_insufficiency	0	293	10293	38405	4735346	2.15	1.95	3.44	3.13	3.51	3.18	0.99	0.89	1.16	0.93	1.05	0.95	1.40	1.15	3.39	3.08
lactulose	acute_myocardial_infarction	0	142	10444	27708	4746043	1.48	1.28	2.31	2.01	2.33	2.03	1.07	0.93	1.12	0.90	1.09	0.95	1.18	0.98	2.28	1.98
lactulose	gastrointestinal_hemorrhage	0	489	10097	63268	4710483	2.34	2.17	3.48	3.24	3.61	3.34	1.50	1.38	2.14	1.89	1.58	1.46	2.26	2.01	3.45	3.20
lactulose	liver_failure,_acute	0	521	10065	83282	4690469	2.27	2.11	2.82	2.63	2.92	2.71	1.61	1.49	2.21	2.00	1.67	1.55	2.32	2.11	2.80	2.60
lamivudine	gastrointestinal_hemorrhage	0	462	31070	63295	4689510	1.07	0.99	1.10	1.02	1.10	1.02	1.25	1.11	1.33	1.18	1.16	1.04	1.22	1.08	1.10	1.02
lamivudine	liver_failure,_acute	1	2281	29251	81522	4671283	2.86	2.76	4.22	4.08	4.47	4.31	1.96	1.85	2.77	2.58	2.08	1.95	2.83	2.64	4.12	3.98
lamotrigine	liver_failure,_acute	1	748	31943	83055	4668591	1.23	1.15	1.31	1.23	1.32	1.24	1.28	1.20	1.38	1.30	1.31	1.23	1.36	1.27	1.31	1.23
levofloxacin	liver_failure,_acute	1	899	25028	82904	4675506	1.61	1.53	1.99	1.89	2.03	1.92	1.11	1.04	1.32	1.22	1.18	1.11	1.37	1.27	1.98	1.87
lipase	acute_kidney_insufficiency	0	2	102	38696	4745537	1.21	0.48	2.38	0.75	2.40	0.74	0.63	0.17	0.12	0.01	0.63	0.17	0.15	0.01	1.57	0.55
lipase	acute_myocardial_infarction	0	4	100	27846	4756387	2.08	1.00	6.61	2.95	6.83	2.95	4.91	1.65	6.65	1.45	4.23	1.44	5.97	1.35	3.06	1.38
lipase	gastrointestinal_hemorrhage	0	8	96	63749	4720484	2.61	1.50	5.77	3.30	6.17	3.37	4.45	2.13	5.09	1.79	4.53	2.17	5.09	1.80	3.73	2.09
lipase	liver_failure,_acute	0	5	99	83798	4700435	1.71	0.87	2.74	1.34	2.83	1.33	0.99	0.43	0.51	0.06	1.07	0.45	0.93	0.15	2.09	1.02
lisinopril	acute_kidney_insufficiency	1	2577	86196	36121	4659443	2.30	2.23	3.77	3.65	3.86	3.73	1.99	1.91	2.66	2.54	1.86	1.79	2.50	2.39	3.58	3.47
lisinopril	liver_failure,_acute	1	1534	87239	82269	4613295	0.86	0.83	0.99	0.95	0.99	0.95	0.79	0.75	0.75	0.71	0.80	0.76	0.77	0.73	0.99	0.95
lithium_citrate	acute_myocardial_infarction	0	99	29626	27751	4726861	0.62	0.52	0.57	0.48	0.57	0.48	0.71	0.60	0.71	0.59	0.64	0.54	0.62	0.51	0.57	0.49
lithium_citrate	gastrointestinal_hemorrhage	0	212	29513	63545	4691067	0.57	0.51	0.53	0.48	0.53	0.47	0.67	0.60	0.69	0.61	0.63	0.56	0.64	0.57	0.54	0.48
lithium_citrate	liver_failure,_acute	0	475	29250	83328	4671284	0.85	0.79	0.91	0.85	0.91	0.84	0.85	0.79	0.88	0.81	0.87	0.81	0.90	0.83	0.91	0.85
loratadine	acute_kidney_insufficiency	0	193	25003	38505	4720636	0.89	0.79	0.95	0.84	0.95	0.84	0.68	0.60	0.53	0.43	0.64	0.57	0.50	0.41	0.95	0.84
loratadine	acute_myocardial_infarction	0	253	24943	27597	4731544	1.62	1.46	1.73	1.56	1.74	1.57	1.11	0.99	1.16	0.99	1.17	1.05	1.17	1.01	1.72	1.55
loratadine	gastrointestinal_hemorrhage	0	434	24762	63323	4695818	1.25	1.16	1.30	1.20	1.30	1.20	0.93	0.85	1.00	0.90	0.88	0.81	0.93	0.83	1.29	1.19
mebendazole	acute_kidney_insufficiency	0	3	580	38695	4745059	1.03	0.46	0.64	0.25	0.63	0.25	1.01	0.39	1.87	0.78	0.95	0.36	1.71	0.69	0.68	0.28
mebendazole	acute_myocardial_infarction	0	2	581	27848	4755906	1.13	0.45	0.59	0.18	0.59	0.18	1.32	0.41	0.88	0.16	1.26	0.39	1.02	0.24	0.66	0.23
mebendazole	gastrointestinal_hemorrhage	0	8	575	63749	4720005	1.34	0.77	1.03	0.58	1.03	0.57	1.30	0.71	1.90	1.07	1.32	0.73	1.83	1.02	1.01	0.57
mefenamate	acute_kidney_insufficiency	1	74	1565	38624	4744074	4.96	4.09	5.59	4.64	5.81	4.78	4.42	3.60	4.75	3.83	4.55	3.70	5.03	4.07	5.26	4.33
mefenamate	gastrointestinal_hemorrhage	1	69	1570	63688	4719010	2.76	2.26	3.16	2.60	3.26	2.66	2.16	1.75	3.12	2.45	2.17	1.75	3.08	2.42	3.06	2.50
meloxicam	acute_kidney_insufficiency	1	166	10440	38532	4735199	1.39	1.22	1.94	1.71	1.95	1.72	1.21	1.06	1.63	1.36	1.15	1.00	1.44	1.20	1.92	1.69
meloxicam	gastrointestinal_hemorrhage	1	619	9987	63138	4710593	3.70	3.47	4.41	4.14	4.62	4.32	3.18	2.95	4.27	3.97	2.98	2.77	4.13	3.83	4.36	4.08
metaxalone	acute_kidney_insufficiency	0	38	3199	38660	4742440	1.25	0.96	1.45	1.11	1.46	1.11	0.73	0.55	0.71	0.44	0.61	0.46	0.62	0.39	1.43	1.09
metaxalone	acute_myocardial_infarction	0	90	3147	27760	4753340	3.24	2.72	4.79	4.03	4.90	4.11	1.81	1.49	2.33	1.69	1.98	1.64	2.44	1.85	4.58	3.84
metaxalone	gastrointestinal_hemorrhage	0	105	3132	63652	4717448	2.36	2.00	2.44	2.08	2.48	2.11	1.03	0.86	1.68	1.31	0.90	0.75	1.51	1.17	2.40	2.04
methenamine	acute_kidney_insufficiency	0	11	986	38687	4744653	1.18	0.73	1.36	0.83	1.37	0.83	0.95	0.56	0.68	0.27	1.08	0.64	0.78	0.33	1.31	0.80
methenamine	acute_myocardial_infarction	0	6	991	27844	4755496	1.01	0.54	1.03	0.53	1.03	0.53	0.53	0.26	0.63	0.23	0.70	0.35	0.65	0.27	1.01	0.52
methenamine	liver_failure,_acute	0	23	974	83780	4699560	1.20	0.85	1.32	0.94	1.32	0.94	1.05	0.73	1.44	0.94	1.05	0.73	1.33	0.87	1.29	0.91
methimazole	acute_myocardial_infarction	0	NA	NA	NA	NA	NA	NA	NA	NA	NA	NA	NA	NA	NA	NA	NA	NA	NA	NA	NA	NA
methimazole	liver_failure,_acute	1	NA	NA	NA	NA	NA	NA	NA	NA	NA	NA	NA	NA	NA	NA	NA	NA	NA	NA	NA	NA
methocarbamol	acute_kidney_insufficiency	0	54	3780	38644	4741859	1.46	1.17	1.74	1.39	1.75	1.40	0.96	0.75	0.94	0.63	0.90	0.71	0.81	0.55	1.71	1.37
methocarbamol	acute_myocardial_infarction	0	70	3764	27780	4752723	2.40	1.97	3.14	2.59	3.18	2.61	1.37	1.11	1.48	1.05	1.50	1.22	1.56	1.16	3.04	2.49
methocarbamol	gastrointestinal_hemorrhage	0	124	3710	63633	4716870	2.16	1.86	2.43	2.10	2.48	2.13	0.98	0.83	1.16	0.90	0.91	0.77	1.12	0.87	2.40	2.06
methotrexate	liver_failure,_acute	1	2194	87255	81609	4613279	1.27	1.22	1.41	1.36	1.42	1.37	1.46	1.40	1.57	1.50	1.28	1.23	1.38	1.32	1.40	1.35
methyldopa	liver_failure,_acute	1	488	8582	83315	4691952	2.57	2.38	3.08	2.87	3.20	2.97	3.04	2.81	3.38	3.14	3.02	2.79	3.35	3.11	3.06	2.84
miconazole	acute_kidney_insufficiency	0	32	15579	38666	4730060	0.51	0.38	0.25	0.19	0.25	0.19	0.38	0.28	0.32	0.20	0.40	0.29	0.35	0.24	0.26	0.19
miconazole	acute_myocardial_infarction	0	10	15601	27840	4740886	0.25	0.15	0.11	0.07	0.11	0.07	0.18	0.11	0.13	0.07	0.20	0.12	0.18	0.10	0.12	0.07
miconazole	gastrointestinal_hemorrhage	0	42	15569	63715	4705011	0.30	0.23	0.20	0.16	0.20	0.15	0.27	0.21	0.27	0.20	0.27	0.21	0.29	0.22	0.21	0.16
miconazole	liver_failure,_acute	0	82	15529	83721	4685005	0.31	0.26	0.30	0.25	0.30	0.25	0.27	0.22	0.20	0.16	0.28	0.23	0.23	0.19	0.30	0.25
moexipril	acute_kidney_insufficiency	1	24	989	38674	4744650	1.88	1.35	2.93	2.10	2.98	2.12	1.41	0.97	2.57	1.58	1.32	0.92	2.36	1.42	2.71	1.93
moexipril	acute_myocardial_infarction	1	25	988	27825	4755499	2.43	1.75	4.24	3.07	4.32	3.10	1.33	0.94	1.80	0.98	1.73	1.22	2.61	1.63	3.76	2.69
moexipril	gastrointestinal_hemorrhage	0	21	992	63736	4719588	1.06	0.74	1.56	1.09	1.57	1.09	0.66	0.44	0.61	0.34	0.64	0.43	0.61	0.34	1.51	1.05
moexipril	liver_failure,_acute	1	27	986	83776	4699548	1.10	0.81	1.52	1.11	1.54	1.11	1.06	0.77	1.22	0.79	1.03	0.74	1.15	0.75	1.49	1.08
nabumetone	acute_myocardial_infarction	1	110	9390	27740	4747097	1.96	1.67	1.99	1.70	2.00	1.71	1.38	1.16	1.55	1.23	1.55	1.31	1.66	1.35	1.97	1.68
nabumetone	gastrointestinal_hemorrhage	1	356	9144	63401	4711436	2.47	2.26	2.82	2.59	2.89	2.65	2.15	1.95	3.17	2.89	2.05	1.86	3.08	2.80	2.80	2.56
naproxen	acute_kidney_insufficiency	1	649	60172	38049	4685467	1.26	1.18	1.32	1.24	1.33	1.24	1.15	1.07	1.40	1.28	1.13	1.05	1.31	1.20	1.32	1.24
naproxen	gastrointestinal_hemorrhage	1	3137	57684	60620	4662896	3.66	3.56	4.02	3.90	4.18	4.06	3.66	3.54	4.32	4.20	3.52	3.41	4.24	4.12	3.87	3.76
naproxen	liver_failure,_acute	1	849	59972	82954	4640562	0.80	0.76	0.80	0.75	0.79	0.75	0.79	0.75	0.80	0.75	0.78	0.74	0.79	0.74	0.80	0.75
naratriptan	acute_myocardial_infarction	1	14	720	27836	4755767	2.52	1.64	3.28	2.12	3.32	2.13	2.38	1.50	4.00	2.37	2.35	1.48	3.48	2.06	2.82	1.81
nefazodone	liver_failure,_acute	1	384	10881	83419	4689653	1.79	1.64	1.95	1.80	1.98	1.82	1.98	1.82	2.25	2.08	1.94	1.77	2.18	2.00	1.94	1.78
nelfinavir	acute_kidney_insufficiency	0	62	5475	38636	4740164	1.29	1.04	1.38	1.13	1.39	1.13	0.64	0.50	0.62	0.44	1.40	1.13	1.66	1.30	1.37	1.11
nelfinavir	acute_myocardial_infarction	0	62	5475	27788	4751012	1.94	1.57	1.93	1.56	1.94	1.57	1.47	1.15	1.43	1.05	1.60	1.27	1.68	1.28	1.89	1.53
neostigmine	acute_kidney_insufficiency	0	21	1060	38677	4744579	1.94	1.36	2.40	1.68	2.43	1.69	0.89	0.59	1.12	0.54	0.97	0.65	1.41	0.72	2.25	1.56
neostigmine	gastrointestinal_hemorrhage	0	15	1066	63742	4719514	0.95	0.62	1.04	0.68	1.04	0.68	0.70	0.45	0.82	0.45	0.65	0.41	0.71	0.39	1.03	0.67
neostigmine	liver_failure,_acute	0	45	1036	83758	4699498	1.94	1.52	2.38	1.87	2.44	1.90	1.88	1.44	2.00	1.44	1.78	1.37	2.13	1.56	2.30	1.80
nevirapine	acute_myocardial_infarction	0	50	9087	27800	4747400	0.99	0.78	0.94	0.75	0.94	0.74	0.71	0.55	0.63	0.46	0.82	0.64	0.80	0.61	0.94	0.74
nevirapine	gastrointestinal_hemorrhage	0	90	9047	63667	4711533	0.77	0.65	0.74	0.62	0.74	0.62	0.68	0.56	0.67	0.54	0.72	0.60	0.73	0.60	0.74	0.62
nevirapine	liver_failure,_acute	1	857	8280	82946	4692254	3.82	3.61	5.40	5.12	5.86	5.52	2.16	2.01	3.46	3.14	2.13	1.99	3.43	3.12	5.33	5.04
nicotinic_acid	liver_failure,_acute	1	267	7655	83536	4692879	1.72	1.56	1.93	1.75	1.96	1.77	1.54	1.39	1.86	1.65	1.61	1.45	1.91	1.70	1.92	1.73
nifedipine	acute_myocardial_infarction	1	675	33907	27175	4722580	2.62	2.46	3.41	3.20	3.46	3.24	1.95	1.82	2.67	2.45	2.16	2.02	2.80	2.58	3.34	3.14
nifedipine	liver_failure,_acute	1	862	33720	82941	4666814	1.26	1.20	1.43	1.35	1.44	1.36	1.08	1.02	1.13	1.05	1.13	1.07	1.21	1.12	1.42	1.34
nitrofurantoin	gastrointestinal_hemorrhage	0	135	9667	63622	4710913	1.00	0.87	1.03	0.90	1.03	0.90	0.85	0.73	0.89	0.74	0.78	0.68	0.85	0.70	1.03	0.90
nitrofurantoin	liver_failure,_acute	1	527	9275	83276	4691259	3.18	2.96	3.08	2.87	3.20	2.97	3.29	3.05	3.61	3.38	3.17	2.94	3.56	3.33	3.06	2.84
norfloxacin	liver_failure,_acute	1	167	3266	83636	4697268	2.75	2.42	2.78	2.46	2.87	2.52	2.32	2.02	2.64	2.30	2.43	2.12	2.70	2.35	2.75	2.42
nortriptyline	acute_kidney_insufficiency	0	74	10684	38624	4734955	0.90	0.74	0.85	0.70	0.85	0.70	0.77	0.63	0.62	0.45	0.72	0.59	0.58	0.43	0.85	0.70
nortriptyline	acute_myocardial_infarction	1	74	10684	27776	4745803	1.29	1.07	1.18	0.98	1.18	0.98	0.98	0.80	0.90	0.68	0.96	0.79	0.94	0.74	1.18	0.97
nortriptyline	liver_failure,_acute	1	183	10575	83620	4689959	0.98	0.86	0.97	0.86	0.97	0.86	0.93	0.82	0.98	0.85	0.90	0.79	0.95	0.82	0.97	0.86
ofloxacin	liver_failure,_acute	1	249	9065	83554	4691469	1.51	1.36	1.53	1.38	1.54	1.39	0.98	0.88	1.20	1.04	1.03	0.92	1.24	1.07	1.52	1.37
olmesartan_medoxomil	acute_kidney_insufficiency	1	308	11750	38390	4733889	2.00	1.82	3.18	2.89	3.23	2.94	1.83	1.66	2.51	2.22	1.77	1.61	2.38	2.09	3.14	2.85
orlistat	acute_kidney_insufficiency	0	45	22791	38653	4722848	0.31	0.25	0.24	0.19	0.24	0.19	0.29	0.23	0.29	0.22	0.31	0.24	0.31	0.23	0.25	0.19
orlistat	gastrointestinal_hemorrhage	0	462	22374	63295	4698206	1.87	1.73	1.52	1.41	1.53	1.42	2.09	1.93	2.47	2.30	2.10	1.94	2.44	2.28	1.52	1.40
orlistat	liver_failure,_acute	1	399	22437	83404	4678097	0.95	0.87	1.00	0.92	1.00	0.92	1.03	0.95	1.16	1.06	1.07	0.98	1.14	1.05	1.00	0.92
oxaprozin	acute_kidney_insufficiency	1	43	4281	38655	4741358	1.29	1.00	1.23	0.96	1.23	0.96	1.24	0.95	1.55	1.13	1.15	0.89	1.37	0.99	1.22	0.95
oxaprozin	acute_myocardial_infarction	1	40	4284	27810	4752203	1.84	1.42	1.59	1.23	1.60	1.23	1.48	1.13	1.62	1.14	1.53	1.17	1.59	1.14	1.56	1.20
oxaprozin	gastrointestinal_hemorrhage	1	311	4013	63446	4716567	4.91	4.47	5.42	4.95	5.76	5.23	5.67	5.11	6.03	5.52	5.41	4.88	5.99	5.48	5.32	4.84
oxaprozin	liver_failure,_acute	1	86	4238	83717	4696296	1.18	0.98	1.14	0.95	1.14	0.95	1.17	0.97	1.50	1.24	1.12	0.94	1.42	1.17	1.13	0.95
oxybutynin	acute_myocardial_infarction	0	107	10322	27743	4746165	1.39	1.19	1.76	1.51	1.77	1.51	1.00	0.85	1.13	0.89	1.01	0.86	1.04	0.85	1.75	1.49
oxybutynin	gastrointestinal_hemorrhage	0	220	10209	63537	4710371	1.24	1.10	1.58	1.42	1.60	1.43	0.96	0.86	0.99	0.84	0.89	0.79	0.93	0.79	1.58	1.41
oxybutynin	liver_failure,_acute	0	193	10236	83610	4690298	0.95	0.85	1.06	0.94	1.06	0.94	0.83	0.74	0.76	0.64	0.81	0.72	0.78	0.67	1.06	0.94
paromomycin	acute_kidney_insufficiency	0	2	135	38696	4745504	1.26	0.50	1.80	0.57	1.82	0.56	0.67	0.20	0.39	0.03	0.62	0.18	0.99	0.11	1.37	0.48
paromomycin	acute_myocardial_infarction	0	1	136	27849	4756351	1.12	0.38	1.25	0.24	1.26	0.24	1.52	0.29	1.91	0.25	1.35	0.26	1.56	0.22	1.06	0.29
paromomycin	gastrointestinal_hemorrhage	0	5	132	63752	4720448	1.81	0.92	2.74	1.33	2.80	1.33	2.26	1.05	2.54	0.87	2.37	1.10	3.29	1.29	2.08	1.01
paromomycin	liver_failure,_acute	0	11	126	83792	4700408	2.62	1.61	4.58	2.85	4.90	2.92	1.44	0.81	3.09	1.06	1.64	0.93	3.29	1.22	3.50	2.12
pemoline	acute_myocardial_infarction	0	1	2832	27849	4753655	0.35	0.12	0.06	0.01	0.06	0.01	0.17	0.03	0.21	0.04	0.18	0.04	0.17	0.03	0.11	0.03
pemoline	gastrointestinal_hemorrhage	0	14	2819	63743	4717761	0.57	0.37	0.37	0.24	0.37	0.24	0.55	0.35	0.53	0.31	0.52	0.34	0.49	0.29	0.38	0.25
penicillamine	acute_myocardial_infarction	0	3	1660	27847	4754827	0.48	0.21	0.31	0.12	0.31	0.12	0.40	0.15	0.39	0.14	0.37	0.14	0.35	0.13	0.36	0.15
penicillamine	liver_failure,_acute	1	60	1603	83743	4698931	1.69	1.37	2.06	1.67	2.10	1.69	1.57	1.26	2.01	1.56	1.72	1.37	2.10	1.64	2.02	1.63
penicillin_v	acute_kidney_insufficiency	0	90	5940	38608	4739699	2.12	1.78	1.85	1.55	1.86	1.56	1.12	0.92	1.62	1.24	1.14	0.95	1.70	1.32	1.83	1.53
penicillin_v	acute_myocardial_infarction	0	30	6000	27820	4750487	1.16	0.86	0.86	0.63	0.85	0.63	0.94	0.69	0.79	0.50	0.97	0.71	0.86	0.58	0.86	0.63
penicillin_v	gastrointestinal_hemorrhage	0	99	5931	63658	4714649	1.31	1.11	1.23	1.05	1.24	1.05	0.88	0.74	0.91	0.72	0.89	0.74	0.98	0.78	1.23	1.04
penicillin_v	liver_failure,_acute	0	190	5840	83613	4694694	1.66	1.47	1.80	1.60	1.83	1.62	1.26	1.11	1.35	1.14	1.34	1.18	1.50	1.29	1.79	1.59
phentermine	acute_kidney_insufficiency	0	32	19429	38666	4726210	0.43	0.32	0.20	0.15	0.20	0.15	0.43	0.32	0.57	0.42	0.42	0.31	0.52	0.38	0.21	0.15
phentermine	gastrointestinal_hemorrhage	0	60	19401	63697	4701179	0.34	0.28	0.23	0.19	0.23	0.19	0.32	0.26	0.37	0.29	0.31	0.25	0.35	0.28	0.23	0.19
phentermine	liver_failure,_acute	0	126	19335	83677	4681199	0.33	0.29	0.37	0.32	0.37	0.32	0.33	0.28	0.33	0.28	0.32	0.28	0.31	0.26	0.37	0.32
phentolamine	acute_kidney_insufficiency	0	NA	NA	NA	NA	NA	NA	NA	NA	NA	NA	NA	NA	NA	NA	NA	NA	NA	NA	NA	NA
phentolamine	gastrointestinal_hemorrhage	0	2	189	63755	4720391	0.78	0.31	0.79	0.25	0.78	0.24	0.58	0.18	0.24	0.03	0.58	0.18	0.40	0.06	0.81	0.29
phentolamine	liver_failure,_acute	0	5	186	83798	4700348	1.22	0.62	1.50	0.72	1.51	0.72	1.39	0.65	1.73	0.67	1.38	0.65	1.76	0.71	1.35	0.66
pioglitazone	gastrointestinal_hemorrhage	0	334	22728	63423	4697852	0.81	0.74	1.09	0.99	1.09	0.99	0.79	0.72	0.77	0.68	0.70	0.63	0.67	0.59	1.09	0.99
pioglitazone	liver_failure,_acute	1	653	22409	83150	4678125	1.31	1.23	1.62	1.52	1.64	1.54	1.38	1.29	1.51	1.39	1.30	1.22	1.34	1.24	1.62	1.51
piroxicam	acute_kidney_insufficiency	1	139	10623	38559	4735016	1.65	1.44	1.60	1.39	1.61	1.40	1.55	1.34	1.94	1.64	1.58	1.36	1.83	1.55	1.59	1.38
piroxicam	acute_myocardial_infarction	1	68	10694	27782	4745793	1.18	0.97	1.09	0.89	1.09	0.89	1.03	0.84	1.03	0.79	1.08	0.88	1.05	0.83	1.08	0.88
piroxicam	gastrointestinal_hemorrhage	1	1305	9457	62452	4711123	6.39	6.10	9.27	8.88	10.40	9.91	8.66	8.21	10.30	9.83	8.45	8.01	10.20	9.76	9.04	8.64
piroxicam	liver_failure,_acute	1	253	10509	83550	4690025	1.30	1.17	1.34	1.21	1.35	1.22	1.33	1.19	1.56	1.39	1.36	1.22	1.51	1.35	1.34	1.21
posaconazole	acute_myocardial_infarction	0	7	665	27843	4755822	1.23	0.68	1.79	0.96	1.80	0.96	1.91	1.02	2.52	1.25	1.55	0.83	1.70	0.84	1.60	0.87
posaconazole	liver_failure,_acute	1	38	634	83765	4699900	2.84	2.18	3.23	2.49	3.36	2.56	1.52	1.13	1.95	1.20	1.46	1.09	2.05	1.28	3.05	2.32
potassium_chloride	gastrointestinal_hemorrhage	1	1840	53552	61917	4667028	1.71	1.65	2.54	2.44	2.59	2.49	1.17	1.12	1.34	1.26	1.24	1.19	1.51	1.42	2.49	2.40
prilocaine	acute_kidney_insufficiency	0	12	4416	38686	4741223	0.58	0.37	0.34	0.21	0.33	0.21	0.52	0.31	0.40	0.18	0.47	0.28	0.40	0.19	0.35	0.22
prilocaine	acute_myocardial_infarction	0	7	4421	27843	4752066	0.58	0.32	0.27	0.15	0.27	0.15	0.45	0.24	0.41	0.19	0.49	0.26	0.49	0.24	0.29	0.16
prilocaine	gastrointestinal_hemorrhage	0	16	4412	63741	4716168	0.39	0.26	0.27	0.18	0.27	0.18	0.33	0.22	0.27	0.15	0.33	0.22	0.27	0.16	0.28	0.19
primidone	acute_kidney_insufficiency	0	31	4719	38667	4740920	0.78	0.58	0.81	0.60	0.81	0.60	0.75	0.55	0.72	0.47	0.69	0.51	0.66	0.43	0.81	0.60
primidone	acute_myocardial_infarction	0	16	4734	27834	4751753	0.63	0.42	0.58	0.38	0.58	0.38	0.50	0.33	0.40	0.23	0.46	0.31	0.41	0.25	0.59	0.39
primidone	liver_failure,_acute	0	101	4649	83702	4695885	1.12	0.95	1.21	1.03	1.22	1.03	1.01	0.85	1.03	0.83	1.00	0.85	1.00	0.82	1.21	1.02
prochlorperazine	acute_kidney_insufficiency	0	388	16192	38310	4729447	2.35	2.16	2.91	2.68	2.96	2.72	1.20	1.09	1.61	1.38	1.24	1.13	1.77	1.53	2.88	2.65
prochlorperazine	acute_myocardial_infarction	0	155	16425	27695	4740062	1.27	1.11	1.61	1.41	1.62	1.41	0.95	0.83	1.07	0.89	0.95	0.83	1.00	0.85	1.60	1.40
prochlorperazine	gastrointestinal_hemorrhage	0	492	16088	63265	4704492	1.93	1.80	2.24	2.08	2.27	2.11	1.10	1.01	1.23	1.09	1.15	1.06	1.34	1.19	2.22	2.06
propantheline	acute_myocardial_infarction	0	1	523	27849	4755964	0.66	0.22	0.33	0.06	0.33	0.06	0.40	0.08	0.45	0.07	0.39	0.08	0.39	0.07	0.47	0.13
propantheline	gastrointestinal_hemorrhage	0	10	514	63747	4720066	1.28	0.77	1.43	0.86	1.44	0.85	1.23	0.72	1.06	0.49	1.22	0.72	1.07	0.51	1.36	0.81
propantheline	liver_failure,_acute	0	8	516	83795	4700018	0.79	0.45	0.87	0.49	0.87	0.48	0.71	0.39	0.64	0.29	0.71	0.39	0.71	0.34	0.87	0.49
propylthiouracil	liver_failure,_acute	1	100	1215	83703	4699319	3.81	3.23	4.34	3.71	4.62	3.89	4.39	3.68	4.85	4.07	4.50	3.78	4.96	4.17	4.20	3.56
quinapril	liver_failure,_acute	1	369	13845	83434	4686689	1.19	1.09	1.48	1.36	1.50	1.37	1.10	1.01	1.11	0.99	1.11	1.02	1.12	1.00	1.48	1.36
ramelteon	acute_kidney_insufficiency	0	15	3072	38683	4742567	0.52	0.34	0.60	0.39	0.60	0.39	0.40	0.26	0.31	0.16	0.39	0.25	0.27	0.14	0.61	0.40
ramelteon	acute_myocardial_infarction	0	3	3084	27847	4753403	0.16	0.07	0.17	0.06	0.17	0.06	0.10	0.04	0.05	0.01	0.10	0.04	0.07	0.02	0.20	0.08
ramelteon	gastrointestinal_hemorrhage	0	17	3070	63740	4717510	0.46	0.31	0.41	0.28	0.41	0.28	0.39	0.26	0.28	0.16	0.36	0.24	0.25	0.15	0.42	0.28
ramipril	liver_failure,_acute	1	771	28419	83032	4672115	1.33	1.25	1.51	1.43	1.53	1.44	1.02	0.96	1.10	1.01	1.09	1.02	1.16	1.07	1.51	1.42
rifampin	liver_failure,_acute	1	838	7055	82965	4693479	5.03	4.75	6.11	5.79	6.72	6.33	2.15	1.97	3.69	3.33	1.93	1.78	3.78	3.43	6.02	5.69
rizatriptan	acute_kidney_insufficiency	0	11	1985	38687	4743654	0.83	0.51	0.68	0.42	0.68	0.41	0.90	0.54	1.04	0.58	0.70	0.42	0.80	0.43	0.69	0.42
rizatriptan	acute_myocardial_infarction	1	23	1973	27827	4754514	1.91	1.36	1.98	1.41	1.99	1.41	1.67	1.16	2.74	1.86	1.49	1.05	2.07	1.39	1.89	1.34
rosiglitazone	gastrointestinal_hemorrhage	0	346	46592	63411	4673988	0.46	0.42	0.55	0.50	0.55	0.50	0.49	0.44	0.43	0.39	0.45	0.42	0.39	0.35	0.55	0.51
salmeterol	acute_myocardial_infarction	0	490	52345	27360	4704142	1.08	1.01	1.60	1.49	1.61	1.49	0.99	0.88	0.99	0.84	0.98	0.87	0.99	0.86	1.59	1.48
salmeterol	gastrointestinal_hemorrhage	0	606	52229	63151	4668351	0.76	0.71	0.86	0.80	0.86	0.80	0.78	0.71	0.73	0.65	0.78	0.71	0.73	0.65	0.86	0.81
salmeterol	liver_failure,_acute	0	709	52126	83094	4648408	0.70	0.65	0.76	0.72	0.76	0.72	0.83	0.76	0.83	0.74	0.84	0.77	0.81	0.73	0.77	0.72
salsalate	acute_myocardial_infarction	1	12	1917	27838	4754570	0.91	0.57	1.07	0.67	1.07	0.66	0.57	0.35	0.43	0.21	0.64	0.39	0.55	0.30	1.05	0.65
scopolamine	acute_kidney_insufficiency	0	75	8623	38623	4737016	1.16	0.96	1.07	0.88	1.07	0.88	0.74	0.60	0.65	0.46	0.76	0.62	0.75	0.54	1.06	0.88
scopolamine	acute_myocardial_infarction	0	50	8648	27800	4747839	1.14	0.90	0.99	0.78	0.99	0.78	0.98	0.76	0.97	0.71	1.01	0.79	1.01	0.76	0.99	0.78
scopolamine	gastrointestinal_hemorrhage	0	121	8577	63636	4712003	1.02	0.88	1.04	0.90	1.04	0.90	0.74	0.63	0.82	0.67	0.73	0.62	0.78	0.63	1.04	0.90
scopolamine	liver_failure,_acute	0	178	8520	83625	4692014	1.17	1.03	1.17	1.03	1.17	1.04	1.01	0.89	1.01	0.86	1.05	0.92	1.05	0.90	1.17	1.03
sertraline	gastrointestinal_hemorrhage	1	1021	72378	62736	4648202	1.00	0.95	1.04	0.99	1.04	0.99	0.90	0.85	0.94	0.88	0.86	0.82	0.90	0.84	1.04	0.99
simethicone	acute_kidney_insufficiency	0	115	6621	38583	4739018	1.65	1.41	2.11	1.82	2.13	1.83	1.00	0.84	0.89	0.65	1.05	0.89	1.11	0.84	2.09	1.79
simethicone	acute_myocardial_infarction	0	49	6687	27801	4749800	1.05	0.83	1.25	0.99	1.25	0.99	0.60	0.46	0.50	0.34	0.73	0.57	0.64	0.47	1.24	0.98
simethicone	gastrointestinal_hemorrhage	0	279	6457	63478	4714123	2.31	2.09	3.12	2.83	3.21	2.90	1.25	1.11	1.84	1.55	1.24	1.10	1.80	1.52	3.08	2.79
sodium_phosphate,_monobasic	acute_kidney_insufficiency	0	1	62	38697	4745577	1.10	0.37	1.96	0.38	1.98	0.38	0.28	0.05	2.17	0.07	0.23	0.04	1.35	0.05	1.26	0.34
sodium_phosphate,_monobasic	acute_myocardial_infarction	0	1	62	27849	4756425	1.18	0.39	2.73	0.53	2.76	0.53	1.41	0.26	1.11	0.06	1.25	0.23	1.20	0.10	1.39	0.38
sodium_phosphate,_monobasic	liver_failure,_acute	0	5	58	83798	4700476	2.20	1.12	4.53	2.24	4.84	2.25	1.22	0.53	1.19	0.11	1.18	0.52	1.25	0.14	2.80	1.36
stavudine	acute_myocardial_infarction	0	135	13063	27715	4743424	1.79	1.55	1.76	1.53	1.77	1.53	1.74	1.44	1.71	1.37	1.88	1.58	1.94	1.61	1.75	1.51
stavudine	gastrointestinal_hemorrhage	0	255	12943	63502	4707637	1.33	1.20	1.45	1.31	1.46	1.32	1.46	1.28	1.52	1.32	1.53	1.35	1.63	1.44	1.45	1.30
stavudine	liver_failure,_acute	1	1160	12038	82643	4688496	3.00	2.86	5.07	4.84	5.47	5.20	1.45	1.35	2.29	2.02	1.38	1.29	2.24	1.98	5.00	4.76
sucralfate	acute_myocardial_infarction	0	82	9045	27768	4747442	1.36	1.14	1.54	1.29	1.55	1.29	0.94	0.77	0.82	0.62	1.00	0.83	1.00	0.79	1.53	1.27
sucralfate	gastrointestinal_hemorrhage	0	533	8594	63224	4711986	3.42	3.18	4.41	4.11	4.62	4.29	2.67	2.47	3.73	3.42	2.71	2.51	3.82	3.50	4.35	4.05
sucralfate	liver_failure,_acute	0	277	8850	83526	4691684	1.60	1.44	1.74	1.57	1.76	1.59	1.17	1.06	1.32	1.15	1.26	1.13	1.47	1.30	1.73	1.56
sulfasalazine	acute_myocardial_infarction	0	108	11782	27742	4744705	1.31	1.12	1.56	1.33	1.57	1.34	1.42	1.21	1.41	1.15	1.40	1.19	1.37	1.13	1.55	1.32
sulfisoxazole	acute_myocardial_infarction	0	NA	NA	NA	NA	NA	NA	NA	NA	NA	NA	NA	NA	NA	NA	NA	NA	NA	NA	NA	NA
sulfisoxazole	liver_failure,_acute	1	28	1265	83775	4699269	1.26	0.92	1.24	0.91	1.24	0.91	0.85	0.62	0.93	0.61	0.83	0.60	0.90	0.59	1.22	0.89
sulindac	acute_myocardial_infarction	1	26	7010	27824	4749477	0.83	0.60	0.63	0.46	0.63	0.46	0.74	0.53	0.71	0.47	0.74	0.53	0.72	0.50	0.64	0.46
sulindac	gastrointestinal_hemorrhage	1	485	6551	63272	4714029	3.56	3.31	5.20	4.84	5.52	5.10	4.19	3.85	5.60	5.20	4.11	3.78	5.55	5.15	5.13	4.76
sulindac	liver_failure,_acute	1	270	6766	83533	4693768	1.68	1.52	2.20	1.99	2.24	2.02	1.91	1.72	2.32	2.09	1.91	1.72	2.32	2.08	2.18	1.97
sumatriptan	acute_myocardial_infarction	1	193	17920	27657	4738567	2.18	1.94	1.84	1.63	1.84	1.64	2.21	1.95	3.03	2.68	2.07	1.83	2.58	2.27	1.82	1.62
tamoxifen	liver_failure,_acute	1	297	16474	83506	4684060	1.01	0.92	1.01	0.92	1.01	0.92	1.07	0.97	1.19	1.08	1.10	1.00	1.18	1.06	1.01	0.92
telmisartan	acute_kidney_insufficiency	1	252	8913	38446	4736726	2.14	1.92	3.42	3.08	3.48	3.14	1.83	1.64	2.38	2.04	1.89	1.69	2.58	2.24	3.37	3.03
temazepam	acute_kidney_insufficiency	0	248	16349	38450	4729290	1.38	1.24	1.85	1.67	1.87	1.68	0.82	0.73	0.96	0.80	0.79	0.71	0.97	0.81	1.84	1.66
temazepam	acute_myocardial_infarction	0	258	16339	27592	4740148	1.94	1.75	2.69	2.43	2.71	2.45	1.21	1.08	1.37	1.16	1.31	1.17	1.41	1.22	2.65	2.39
temazepam	gastrointestinal_hemorrhage	0	427	16170	63330	4704410	1.49	1.38	1.94	1.79	1.96	1.81	0.98	0.90	1.10	0.97	0.97	0.89	1.08	0.96	1.93	1.78
tenofovir	liver_failure,_acute																					
terbinafine	acute_myocardial_infarction	0	58	8538	27792	4747949	0.86	0.69	1.16	0.93	1.16	0.93	0.82	0.65	0.83	0.63	0.84	0.67	0.83	0.64	1.15	0.93
terbinafine	gastrointestinal_hemorrhage	0	115	8481	63642	4712099	0.80	0.68	1.00	0.86	1.00	0.86	0.79	0.67	0.93	0.78	0.77	0.65	0.90	0.75	1.00	0.86
terbinafine	liver_failure,_acute	1	636	7960	83167	4692574	3.02	2.82	4.25	3.99	4.51	4.21	3.47	3.24	4.33	4.04	3.60	3.36	4.34	4.05	4.20	3.94
tetrahydrocannabinol	acute_kidney_insufficiency	0	1	298	38697	4745341	0.57	0.19	0.41	0.08	0.41	0.08	0.49	0.09	0.13	0.01	0.49	0.09	0.12	0.00	0.55	0.15
tetrahydrocannabinol	acute_myocardial_infarction	0	3	296	27847	4756191	1.30	0.58	1.72	0.67	1.73	0.67	1.67	0.64	2.62	0.95	1.64	0.63	2.18	0.79	1.42	0.58
tetrahydrocannabinol	gastrointestinal_hemorrhage	0	1	298	63756	4720282	0.46	0.15	0.25	0.05	0.25	0.05	0.27	0.05	0.23	0.04	0.30	0.06	0.25	0.04	0.38	0.10
tetrahydrocannabinol	liver_failure,_acute	0	10	289	83793	4700245	1.22	0.74	1.91	1.15	1.94	1.14	1.45	0.85	1.90	0.94	1.52	0.89	1.76	0.88	1.74	1.04
thiabendazole	acute_kidney_insufficiency	0	2	318	38696	4745321	1.09	0.43	0.77	0.24	0.77	0.24	1.30	0.40	0.56	0.06	1.20	0.37	0.50	0.05	0.80	0.28
thiabendazole	acute_myocardial_infarction	0	2	318	27848	4756169	1.40	0.56	1.07	0.34	1.07	0.33	2.91	0.90	3.68	1.23	2.71	0.84	2.92	0.85	1.01	0.35
thiabendazole	gastrointestinal_hemorrhage	0	3	317	63754	4720263	0.92	0.41	0.70	0.27	0.70	0.27	1.01	0.39	1.28	0.49	1.05	0.40	1.28	0.49	0.74	0.30
thiabendazole	liver_failure,_acute	1	16	304	83787	4700230	2.32	1.55	2.86	1.91	2.95	1.94	3.24	2.12	3.46	2.23	3.34	2.18	3.42	2.20	2.56	1.69
thioguanine	liver_failure,_acute	1	83	827	83720	4699707	4.30	3.59	5.21	4.39	5.63	4.66	3.49	2.83	4.89	3.86	3.46	2.82	4.92	3.89	4.95	4.13
thiothixene	acute_kidney_insufficiency	0	10	3432	38688	4742207	0.49	0.30	0.36	0.21	0.36	0.21	0.44	0.26	0.57	0.32	0.46	0.27	0.62	0.35	0.38	0.22
thiothixene	acute_myocardial_infarction	0	9	3433	27841	4753054	0.74	0.44	0.45	0.26	0.45	0.26	0.66	0.38	0.43	0.19	0.64	0.37	0.50	0.26	0.47	0.27
thiothixene	gastrointestinal_hemorrhage	0	27	3415	63730	4717165	0.68	0.49	0.59	0.43	0.59	0.43	0.74	0.53	0.75	0.51	0.70	0.50	0.69	0.46	0.60	0.43
tinidazole	acute_kidney_insufficiency	0	NA	NA	NA	NA	NA	NA	NA	NA	NA	NA	NA	NA	NA	NA	NA	NA	NA	NA	NA	NA
tinidazole	acute_myocardial_infarction	0	2	115	27848	4756372	1.44	0.57	2.94	0.93	2.97	0.92	3.28	1.00	3.82	0.86	3.00	0.92	3.50	0.86	1.72	0.60
tinidazole	gastrointestinal_hemorrhage	0	5	112	63752	4720468	1.89	0.96	3.21	1.56	3.31	1.56	1.69	0.74	2.95	0.96	2.73	1.25	2.98	1.04	2.30	1.12
tinidazole	liver_failure,_acute	0	7	110	83796	4700424	2.03	1.13	3.42	1.87	3.57	1.88	1.63	0.83	1.68	0.41	2.41	1.26	3.36	1.20	2.59	1.40
tipranavir	acute_myocardial_infarction	0	9	1128	27841	4755359	0.83	0.49	1.36	0.79	1.36	0.79	0.68	0.39	0.52	0.25	0.81	0.46	0.70	0.37	1.30	0.75
tipranavir	liver_failure,_acute	1	99	1038	83704	4699496	4.60	3.89	4.98	4.25	5.36	4.50	2.75	2.28	4.39	3.52	2.91	2.41	4.63	3.74	4.78	4.04
tolcapone	liver_failure,_acute	1	108	553	83695	4699981	4.65	3.96	9.34	8.08	11.00	9.22	8.44	7.00	10.40	8.58	6.97	5.84	9.87	8.09	8.68	7.39
tolmetin	acute_myocardial_infarction	1	13	2779	27837	4753708	1.31	0.84	0.80	0.51	0.80	0.51	1.33	0.84	1.51	0.92	1.31	0.82	1.38	0.85	0.80	0.51
tolmetin	gastrointestinal_hemorrhage	1	176	2616	63581	4717964	3.88	3.42	4.74	4.20	4.99	4.39	4.54	3.96	5.40	4.79	4.50	3.92	5.38	4.78	4.63	4.08
tolmetin	liver_failure,_acute	1	66	2726	83737	4697808	1.22	1.00	1.35	1.10	1.36	1.11	1.42	1.15	1.68	1.36	1.37	1.11	1.61	1.29	1.34	1.09
trandolapril	liver_failure,_acute	1	113	3256	83690	4697278	1.49	1.28	1.92	1.65	1.95	1.66	1.30	1.10	1.52	1.23	1.38	1.17	1.51	1.23	1.90	1.62
trovafloxacin	liver_failure,_acute	1	500	3222	83303	4697312	4.79	4.45	7.71	7.20	8.75	8.08	6.04	5.56	7.89	7.24	5.96	5.49	7.81	7.15	7.57	7.03
urea	acute_kidney_insufficiency	0	20	778	38678	4744861	1.68	1.17	3.10	2.16	3.15	2.17	1.07	0.71	0.76	0.31	1.07	0.72	0.96	0.42	2.80	1.93
urea	acute_myocardial_infarction	0	8	790	27842	4755697	0.97	0.56	1.72	0.97	1.73	0.96	0.63	0.34	0.34	0.12	0.75	0.41	0.64	0.29	1.57	0.88
urea	gastrointestinal_hemorrhage	0	18	780	63739	4719800	1.26	0.86	1.69	1.15	1.71	1.15	0.77	0.51	0.69	0.36	0.74	0.49	0.72	0.38	1.62	1.10
valdecoxib	gastrointestinal_hemorrhage	1	407	14657	63350	4705923	1.85	1.70	2.03	1.88	2.06	1.90	1.48	1.35	1.88	1.69	1.46	1.34	1.84	1.66	2.02	1.86
valproate	liver_failure,_acute	1	1611	56843	82192	4643691	1.40	1.34	1.58	1.52	1.60	1.54	1.44	1.38	1.65	1.57	1.45	1.39	1.62	1.54	1.57	1.51
vitamin_a	acute_kidney_insufficiency	0	56	3497	38642	4742142	1.53	1.23	1.95	1.57	1.96	1.57	1.19	0.94	1.46	1.03	1.19	0.95	1.42	1.01	1.91	1.53
vitamin_a	acute_myocardial_infarction	0	23	3530	27827	4752957	0.95	0.67	1.11	0.79	1.11	0.79	0.66	0.47	0.71	0.45	0.67	0.47	0.66	0.44	1.10	0.78
vitamin_a	gastrointestinal_hemorrhage	0	63	3490	63694	4717090	1.09	0.88	1.33	1.08	1.34	1.08	0.77	0.62	0.74	0.55	0.75	0.61	0.77	0.58	1.32	1.07
voriconazole	liver_failure,_acute	1	321	4360	83482	4696174	3.45	3.14	3.93	3.59	4.14	3.76	2.09	1.88	3.01	2.65	2.27	2.04	3.17	2.81	3.88	3.54
zafirlukast	acute_kidney_insufficiency	0	20	3219	38678	4742420	0.76	0.53	0.76	0.53	0.76	0.53	0.83	0.57	0.85	0.51	0.75	0.52	0.72	0.43	0.77	0.53
zafirlukast	acute_myocardial_infarction	0	21	3218	27829	4753269	1.08	0.76	1.11	0.78	1.12	0.78	0.86	0.59	0.71	0.42	0.86	0.60	0.76	0.48	1.10	0.77
zafirlukast	liver_failure,_acute	1	125	3114	83678	4697420	1.71	1.48	2.20	1.91	2.25	1.94	2.19	1.88	2.49	2.15	2.13	1.83	2.50	2.15	2.18	1.88
zalcitabine	liver_failure,_acute	1	93	1319	83710	4699215	2.73	2.30	3.76	3.19	3.96	3.32	1.30	1.07	2.51	1.90	1.28	1.05	2.52	1.90	3.65	3.07
zidovudine	gastrointestinal_hemorrhage	0	284	23166	63473	4697414	0.96	0.87	0.91	0.82	0.91	0.82	1.03	0.91	1.12	0.97	1.04	0.91	1.12	0.98	0.91	0.82
zidovudine	liver_failure,_acute	1	1321	22129	82482	4678405	2.52	2.40	3.25	3.11	3.39	3.23	1.13	1.06	1.20	1.05	1.11	1.04	1.24	1.09	3.21	3.07
zolmitriptan	acute_myocardial_infarction	1	27	2263	27823	4754224	1.94	1.42	2.03	1.48	2.04	1.48	1.86	1.33	2.79	1.97	1.63	1.17	2.25	1.57	1.95	1.41
darunavir	liver_failure,_acute	1	115	2061	83688	4698473	2.97	2.55	3.02	2.60	3.13	2.68	1.50	1.26	2.07	1.60	1.80	1.52	2.40	1.94	2.96	2.54
darunavir	acute_kidney_insufficiency	0	70	2106	38628	4743533	3.14	2.58	3.98	3.28	4.08	3.34	1.20	0.96	1.65	1.05	3.18	2.58	3.59	2.87	3.81	3.12
sitagliptin	liver_failure,_acute	0	248	12975	83555	4687559	1.20	1.08	1.07	0.97	1.07	0.97	1.14	1.02	1.29	1.16	1.24	1.11	1.30	1.16	1.07	0.96
sitagliptin	acute_myocardial_infarction	0	79	13144	27771	4743343	0.84	0.70	1.03	0.85	1.03	0.85	0.60	0.50	0.49	0.38	0.67	0.56	0.59	0.48	1.02	0.85
sitagliptin	gastrointestinal_hemorrhage	0	97	13126	63660	4707454	0.56	0.47	0.55	0.47	0.55	0.46	0.53	0.45	0.49	0.40	0.51	0.43	0.46	0.37	0.55	0.47